2.75537732501 2.819395064e+41
5.63506580568 1.1988212663e+41
5.88368811702 1.5102916346e+41
6.13231042836 1.0976763118e+41
6.3809327397 1.67800037895e+41
6.62955505103 2.21965697734e+41
6.87817736237 2.67832857083e+41
7.12679967371 2.0541046887e+41
7.37542198505 1.44241288023e+41
7.62404429638 1.28690537066e+41
7.87266660772 1.53534733163e+41
8.12128891906 1.53066225058e+41
8.3699112304 1.38271516379e+41
8.61853354173 1.06096085129e+41
8.86715585307 2.7698343729e+40
9.11577816441 1.33723731426e+41
9.36440047575 9.3474460401e+40
9.61302278708 7.6368901204e+40
9.86164509842 4.5591768836e+40
10.1102674098 6.07235912666e+40
10.3588897211 1.04480566728e+41
10.6075120324 3.5647402531e+40
10.8561343438 9.6802736944e+40
11.1047566551 2.9660794482e+40
11.3533789664 5.70368243196e+40
11.6020012778 6.0764909731e+40
11.8506235891 7.5095756755e+40
12.0992459005 9.77154109464e+40
12.3478682118 8.67077328715e+40
12.5964905231 1.10611510635e+41
12.8451128345 9.3929250059e+40
13.0937351458 9.9851109316e+40
13.3423574571 9.1217039777e+40
13.5909797685 8.4055446138e+40
13.8396020798 7.0598814646e+40
14.0882243912 5.13846606194e+40
14.3368467025 7.2283146979e+40
14.5854690138 7.6882751202e+40
14.8340913252 4.84217204681e+40
15.0827136365 5.88772949e+40
15.3313359478 6.0959032248e+40
15.5799582592 6.3512420616e+40
15.8285805705 6.4035711287e+40
16.0772028819 6.7739135523e+40
16.3258251932 5.2880621396e+40
16.5744475045 7.09348425075e+40
16.8230698159 4.8262856235e+40
17.0716921272 8.9334034461e+40
17.3203144385 8.54127621124e+40
17.5689367499 8.5527705813e+40
17.8175590612 7.2636777282e+40
18.0661813726 8.1318687289e+40
18.3148036839 1.16174139117e+41
18.5634259952 2.80195532908e+40
18.8120483066 3.25039318426e+40
19.0606706179 5.26938376672e+40
19.3092929292 1.14038969102e+41
19.5579152406 1.27616144842e+41
19.8065375519 1.02613772911e+41
20.0551598633 9.40665217848e+40
20.3037821746 8.35612216243e+40
20.5524044859 1.16828481355e+41
20.8010267973 6.49936075441e+40
21.0496491086 5.60913151377e+40
21.2982714199 4.53078046258e+40
21.5468937313 1.16688033858e+41
21.7955160426 1.1095762877e+41
22.044138354 1.26053373052e+41
22.2927606653 1.62751097574e+41
22.5413829766 1.97991156595e+41
22.790005288 1.82477445414e+41
23.0386275993 1.82818014307e+41
23.2872499106 2.36033580391e+41
23.535872222 2.07649131566e+41
23.7844945333 2.44943230984e+41
24.0331168447 2.57450772461e+41
24.281739156 2.55382482367e+41
24.5303614673 2.23203101532e+41
24.7789837787 2.42671777777e+41
25.02760609 1.08537316553e+41
25.2762284013 9.42354784693e+40
25.5248507127 2.54188705656e+41
25.773473024 3.16744875348e+41
26.0220953354 2.9951385554e+41
26.2707176467 3.34902468574e+41
26.519339958 3.84667308197e+41
26.7679622694 3.91164134406e+41
27.0165845807 3.61379543455e+41
27.265206892 4.10490087761e+41
27.5138292034 3.89248396027e+41
27.7624515147 4.517026825e+41
28.0110738261 5.28291444221e+41
28.2596961374 5.4948349168e+41
28.5083184487 4.805531021e+41
28.7569407601 5.03073062589e+41
29.0055630714 5.02341250427e+41
29.2541853827 4.62658540032e+41
29.5028076941 1.72775417933e+41
29.7514300054 2.3342670166e+41
30.0000523168 3.28510711283e+41
30.2486746281 2.99424532465e+41
30.4972969394 4.46918526619e+41
30.7459192508 4.02035990798e+41
30.9945415621 7.16572216272e+41
31.2431638734 9.06089558166e+41
31.4917861848 8.15386898821e+41
31.7404084961 6.69257895032e+41
31.9890308075 8.35495410969e+41
32.2376531188 1.01052152281e+42
32.4862754301 1.12519354796e+42
32.7348977415 1.09180933584e+42
32.9835200528 1.17079697556e+42
33.2321423641 1.10078089424e+42
33.4807646755 9.18935002859e+41
33.7293869868 8.78032389367e+41
33.9780092982 9.49606477266e+41
34.2266316095 1.19344496732e+42
34.4752539208 1.38489336523e+42
34.7238762322 1.34620247323e+42
34.9724985435 1.63889063e+42
35.2211208548 1.23629290555e+42
35.4697431662 1.32804345476e+42
35.7183654775 1.69684808986e+42
35.9669877889 1.23010648626e+42
36.2156101002 1.5021897188e+42
36.4642324115 1.48450077449e+42
36.7128547229 1.59801143862e+42
36.9614770342 1.52521226388e+42
37.2100993455 1.52824579397e+42
37.4587216569 1.37786369016e+42
37.7073439682 1.69249002308e+42
37.9559662796 1.80336452366e+42
38.2045885909 2.03261195657e+42
38.4532109022 2.1508857305e+42
38.7018332136 1.81731998021e+42
38.9504555249 1.77497166668e+42
39.1990778362 2.10059973485e+42
39.4477001476 1.75239673655e+42
39.6963224589 2.49898098065e+42
39.9449447703 1.87332419349e+42
40.1935670816 2.21113507331e+42
40.4421893929 2.24049730593e+42
40.6908117043 2.37450618599e+42
40.9394340156 2.44613982042e+42
41.1880563269 2.83274657545e+42
41.4366786383 3.10745047796e+42
41.6853009496 3.43900331419e+42
41.933923261 3.692425952e+42
42.1825455723 3.50436229473e+42
42.4311678836 3.34058315771e+42
42.679790195 3.51585160437e+42
42.9284125063 3.1790811064e+42
43.1770348176 3.40964888081e+42
43.425657129 3.43698047927e+42
43.6742794403 3.39322649958e+42
43.9229017517 3.43831670075e+42
44.171524063 3.87361639975e+42
44.4201463743 3.95068096005e+42
44.6687686857 3.40694219697e+42
44.917390997 3.69996887194e+42
45.1660133083 4.28508274086e+42
45.4146356197 4.60506036828e+42
45.663257931 4.68624373353e+42
45.9118802424 4.64640951224e+42
46.1605025537 5.75598279729e+42
46.409124865 5.63225993476e+42
46.6577471764 5.84206520376e+42
46.9063694877 5.23360435947e+42
47.154991799 5.25270664878e+42
47.4036141104 4.30330572887e+42
47.6522364217 6.0732948537e+42
47.9008587331 5.48717844712e+42
48.1494810444 5.81734468266e+42
48.3981033557 4.72189807142e+42
48.6467256671 5.36987658804e+42
48.8953479784 5.00855789396e+42
49.1439702897 5.78404017104e+42
49.3925926011 5.60908934134e+42
49.6412149124 5.78195486846e+42
49.8898372238 5.61382998087e+42
50.1384595351 6.79964711049e+42
50.3870818464 6.96825492615e+42
50.6357041578 7.51277570541e+42
50.8843264691 9.04536853187e+42
51.1329487804 8.53179816336e+42
51.3815710918 7.88873221479e+42
51.6301934031 8.1933245572e+42
51.8788157145 8.24757767778e+42
52.1274380258 8.8016085742e+42
52.3760603371 8.99992627674e+42
52.6246826485 8.41931034382e+42
52.8733049598 8.45718312521e+42
53.1219272711 8.27440921847e+42
53.3705495825 7.0135599893e+42
53.6191718938 7.93579454512e+42
53.8677942052 8.05406611395e+42
54.1164165165 8.80935806948e+42
54.3650388278 7.52214653309e+42
54.6136611392 7.71205223792e+42
54.8622834505 9.0022565157e+42
55.1109057618 9.07805061072e+42
55.3595280732 9.39323910835e+42
55.6081503845 1.05448764327e+43
55.8567726959 1.20357586562e+43
56.1053950072 1.16659102012e+43
56.3540173185 1.38426074506e+43
56.6026396299 1.23703535802e+43
56.8512619412 1.38615398852e+43
57.0998842525 1.39656852899e+43
57.3485065639 1.31588876483e+43
57.5971288752 1.41330647749e+43
57.8457511866 1.31947553311e+43
58.0943734979 1.27349756265e+43
58.3429958092 1.0746937554e+43
58.5916181206 1.13623397055e+43
58.8402404319 1.20765106547e+43
59.0888627432 1.2171712348e+43
59.3374850546 1.28067753287e+43
59.5861073659 1.34308190892e+43
59.8347296773 1.24729935902e+43
60.0833519886 1.3939408495e+43
60.3319742999 1.49284782917e+43
60.5805966113 1.53138639394e+43
60.8292189226 1.58699912278e+43
61.0778412339 1.50172989736e+43
61.3264635453 1.70580168832e+43
61.5750858566 1.66832760168e+43
61.823708168 1.74402627933e+43
62.0723304793 1.52401697606e+43
62.3209527906 1.61053729476e+43
62.569575102 1.46670538971e+43
62.8181974133 1.48957285835e+43
63.0668197246 1.72540534116e+43
63.315442036 1.59973928914e+43
63.5640643473 1.71645906612e+43
63.8126866587 1.73334983673e+43
64.06130897 1.64504218332e+43
64.3099312813 1.7191583125e+43
64.5585535927 1.67639501515e+43
64.807175904 1.80302592649e+43
65.0557982153 1.74393467267e+43
65.3044205267 1.79028968911e+43
65.553042838 1.84508687067e+43
65.8016651494 1.95106610862e+43
66.0502874607 2.01343951768e+43
66.298909772 1.94161501869e+43
66.5475320834 2.06607124995e+43
66.7961543947 1.8931918755e+43
67.044776706 1.90674667185e+43
67.2933990174 1.91877630139e+43
67.5420213287 1.89823916513e+43
67.7906436401 1.88292519442e+43
68.0392659514 1.95340804542e+43
68.2878882627 2.06295376951e+43
68.5365105741 2.08486257885e+43
68.7851328854 2.03058837451e+43
69.0337551967 2.14914118169e+43
69.2823775081 2.30549798981e+43
69.5309998194 2.30807319832e+43
69.7796221308 2.3497327032e+43
70.0282444421 2.24592081336e+43
70.2768667534 2.3091398739e+43
70.5254890648 2.4147069566e+43
70.7741113761 2.34892575858e+43
71.0227336874 2.2752853341e+43
71.2713559988 2.31204107059e+43
71.5199783101 2.44152383891e+43
71.7686006215 2.45959898115e+43
72.0172229328 2.40911284915e+43
72.2658452441 2.52148644113e+43
72.5144675555 2.60522983709e+43
72.7630898668 2.47576466866e+43
73.0117121781 2.75615006395e+43
73.2603344895 2.68222362375e+43
73.5089568008 2.58397101893e+43
73.7575791122 2.54864459877e+43
74.0062014235 2.62395737577e+43
74.2548237348 2.70150566533e+43
74.5034460462 2.82531241107e+43
74.7520683575 2.91225360984e+43
75.0006906688 2.85526612191e+43
75.2493129802 2.91293025005e+43
75.4979352915 3.12890052974e+43
75.7465576029 3.22648547171e+43
75.9951799142 3.15132543845e+43
76.2438022255 3.24281897059e+43
76.4924245369 3.26020739965e+43
76.7410468482 3.31855663092e+43
76.9896691595 3.11788833651e+43
77.2382914709 3.05204679283e+43
77.4869137822 3.24093332703e+43
77.7355360936 3.14945785368e+43
77.9841584049 3.21838363584e+43
78.2327807162 3.28264712463e+43
78.4814030276 3.45521502492e+43
78.7300253389 3.54076112269e+43
78.9786476502 3.53952808806e+43
79.2272699616 3.39656012866e+43
79.4758922729 3.40288142185e+43
79.7245145843 3.52754775819e+43
79.9731368956 3.5159234653e+43
80.2217592069 3.57182148942e+43
80.4703815183 3.62500712322e+43
80.7190038296 3.75582376644e+43
80.9676261409 3.71220729143e+43
81.2162484523 3.81208875166e+43
81.4648707636 3.95786368245e+43
81.713493075 4.02679126615e+43
81.9621153863 4.00568824945e+43
82.2107376976 3.84788960088e+43
82.459360009 4.13590606313e+43
82.7079823203 4.00080448692e+43
82.9566046316 3.99845438485e+43
83.205226943 4.18828499019e+43
83.4538492543 4.19225117802e+43
83.7024715657 4.24633658731e+43
83.951093877 4.20405798328e+43
84.1997161883 4.42319838876e+43
84.4483384997 4.42634666428e+43
84.696960811 4.19344394656e+43
84.9455831223 4.2657859501e+43
85.1942054337 4.47297800819e+43
85.442827745 4.31818976622e+43
85.6914500564 4.32110362841e+43
85.9400723677 4.57524149633e+43
86.188694679 4.5813816002e+43
86.4373169904 4.75951329924e+43
86.6859393017 4.62924079449e+43
86.934561613 4.8078025525e+43
87.1831839244 4.74207566994e+43
87.4318062357 5.06539649535e+43
87.6804285471 5.13741082987e+43
87.9290508584 5.03951138621e+43
88.1776731697 5.26015250303e+43
88.4262954811 5.05748316259e+43
88.6749177924 5.18460871093e+43
88.9235401037 5.27036337856e+43
89.1721624151 5.28355353958e+43
89.4207847264 5.15369780116e+43
89.6694070378 5.34633912734e+43
89.9180293491 5.46165960534e+43
90.1666516604 5.27049699554e+43
90.4152739718 5.68045611245e+43
90.6638962831 5.32510655353e+43
90.9125185944 5.48388211882e+43
91.1611409058 5.49196544905e+43
91.4097632171 5.7110924549e+43
91.6583855285 5.79435258538e+43
91.9070078398 5.79003063634e+43
92.1556301511 5.76026803031e+43
92.4042524625 5.85081738697e+43
92.6528747738 5.72494255966e+43
92.9014970851 5.844359204e+43
93.1501193965 5.72577290531e+43
93.3987417078 5.97992218764e+43
93.6473640192 5.99538718865e+43
93.8959863305 6.04765675859e+43
94.1446086418 5.8661072322e+43
94.3932309532 6.24922568293e+43
94.6418532645 5.88180762973e+43
94.8904755758 6.36620699814e+43
95.1390978872 6.30391279795e+43
95.3877201985 6.22022594484e+43
95.6363425099 6.25519396138e+43
95.8849648212 6.48971235895e+43
96.1335871325 6.48931919716e+43
96.3822094439 6.35290599173e+43
96.6308317552 6.61964933443e+43
96.8794540665 6.61108509895e+43
97.1280763779 6.4962689368e+43
97.3766986892 6.45900780467e+43
97.6253210006 6.50597240275e+43
97.8739433119 6.67949106145e+43
98.1225656232 6.66049618887e+43
98.3711879346 6.81929209421e+43
98.6198102459 6.83059615676e+43
98.8684325572 6.68194366549e+43
99.1170548686 6.90496029511e+43
99.3656771799 7.14274354279e+43
99.6142994913 7.09542859414e+43
99.8629218026 6.68848675145e+43
100.111544114 7.11317173072e+43
100.360166425 7.04764422615e+43
100.608788737 7.00305817008e+43
100.857411048 7.16073572571e+43
101.106033359 6.99092586936e+43
101.354655671 7.50997241834e+43
101.603277982 7.52148327737e+43
101.851900293 7.37830819704e+43
102.100522605 7.3148746627e+43
102.349144916 7.17414939574e+43
102.597767227 7.5986934586e+43
102.846389539 7.56936703634e+43
103.09501185 7.91509188732e+43
103.343634161 7.73302873884e+43
103.592256473 7.73265986866e+43
103.840878784 7.72755793577e+43
104.089501095 7.52228088683e+43
104.338123407 7.67147730483e+43
104.586745718 7.68557923164e+43
104.835368029 7.88581122222e+43
105.083990341 7.83365373844e+43
105.332612652 7.87247974274e+43
105.581234963 8.03444244475e+43
105.829857275 7.90376024819e+43
106.078479586 8.07386447425e+43
106.327101897 8.32972804097e+43
106.575724209 7.92632243546e+43
106.82434652 8.46033458874e+43
107.072968831 8.23486484244e+43
107.321591143 8.20172682577e+43
107.570213454 8.15592425432e+43
107.818835765 8.44872622383e+43
108.067458077 8.24928001737e+43
108.316080388 8.45929034759e+43
108.564702699 8.52934324937e+43
108.813325011 8.63342830084e+43
109.061947322 8.81551544132e+43
109.310569633 8.57450690044e+43
109.559191945 8.87701640453e+43
109.807814256 8.97035608073e+43
110.056436567 8.78088356843e+43
110.305058879 8.68219482572e+43
110.55368119 8.98943573091e+43
110.802303501 9.07771749393e+43
111.050925813 8.97702275093e+43
111.299548124 9.12961102036e+43
111.548170435 9.09426388469e+43
111.796792747 9.29968427932e+43
112.045415058 9.24917290066e+43
112.294037369 9.06917576979e+43
112.542659681 9.4345455766e+43
112.791281992 9.29964983941e+43
113.039904303 9.4819487889e+43
113.288526615 9.25707978002e+43
113.537148926 9.5043107977e+43
113.785771237 9.41196863021e+43
114.034393549 9.69150467267e+43
114.28301586 1.00441215007e+44
114.531638172 9.79739929092e+43
114.780260483 9.94858425689e+43
115.028882794 9.90440818203e+43
115.277505106 9.90230712033e+43
115.526127417 9.90099085465e+43
115.774749728 1.0041158706e+44
116.02337204 1.03379593215e+44
116.271994351 1.00747328349e+44
116.520616662 1.0494460325e+44
116.769238974 1.05069303838e+44
117.017861285 1.0453580579e+44
117.266483596 1.05699046816e+44
117.515105908 1.07173786813e+44
117.763728219 1.0516592753e+44
118.01235053 1.12184015618e+44
118.260972842 1.06232346173e+44
118.509595153 1.09616845016e+44
118.758217464 1.10174808244e+44
119.006839776 1.08739374087e+44
119.255462087 1.11788600235e+44
119.504084398 1.10429195466e+44
119.75270671 1.1054691599e+44
120.001329021 1.0901868233e+44
120.249951332 1.11613933571e+44
120.498573644 1.11959547041e+44
120.747195955 1.10832684064e+44
120.995818266 1.1317868096e+44
121.244440578 1.15354047718e+44
121.493062889 1.16959550768e+44
121.7416852 1.13926384373e+44
121.990307512 1.18140002086e+44
122.238929823 1.14964276988e+44
122.487552134 1.15967810663e+44
122.736174446 1.1711179985e+44
122.984796757 1.17066337356e+44
123.233419068 1.21583415455e+44
123.48204138 1.18363823744e+44
123.730663691 1.21102442478e+44
123.979286002 1.21505732249e+44
124.227908314 1.19602325342e+44
124.476530625 1.19757874839e+44
124.725152936 1.22946438613e+44
124.973775248 1.20284831878e+44
125.222397559 1.22058675256e+44
125.47101987 1.25644256242e+44
125.719642182 1.28145717624e+44
125.968264493 1.24989202351e+44
126.216886804 1.2892315311e+44
126.465509116 1.25090734975e+44
126.714131427 1.28753609775e+44
126.962753738 1.2684264499e+44
127.21137605 1.27803673959e+44
127.459998361 1.29857543611e+44
127.708620672 1.28610466153e+44
127.957242984 1.29484344029e+44
128.205865295 1.31204655598e+44
128.454487606 1.34303751345e+44
128.703109918 1.30255445148e+44
128.951732229 1.29223403029e+44
129.20035454 1.33061659046e+44
129.448976852 1.31189877066e+44
129.697599163 1.2886236005e+44
129.946221474 1.34675580278e+44
130.194843786 1.29845513445e+44
130.443466097 1.33447148037e+44
130.692088408 1.3395014999e+44
130.94071072 1.33917741288e+44
131.189333031 1.33738709673e+44
131.437955342 1.38034577941e+44
131.686577654 1.32968020121e+44
131.935199965 1.36468757594e+44
132.183822276 1.3691119895e+44
132.432444588 1.36844946648e+44
132.681066899 1.34735565261e+44
132.92968921 1.38857855463e+44
133.178311522 1.36953721571e+44
133.426933833 1.39833029268e+44
133.675556144 1.39224368943e+44
133.924178456 1.37208605136e+44
134.172800767 1.39711733489e+44
134.421423079 1.39892975614e+44
134.67004539 1.41603698994e+44
134.918667701 1.4225444756e+44
135.167290013 1.43595642915e+44
135.415912324 1.42563726335e+44
135.664534635 1.44360462213e+44
135.913156947 1.44570578198e+44
136.161779258 1.4507041302e+44
136.410401569 1.44506968434e+44
136.659023881 1.45412064411e+44
136.907646192 1.44979333023e+44
137.156268503 1.44842825478e+44
137.404890815 1.41950449894e+44
137.653513126 1.46228935386e+44
137.902135437 1.45590009101e+44
138.150757749 1.45523634068e+44
138.39938006 1.43814542217e+44
138.648002371 1.43928494523e+44
138.896624683 1.47980915143e+44
139.145246994 1.48646658651e+44
139.393869305 1.51191110018e+44
139.642491617 1.51459722531e+44
139.891113928 1.47843169969e+44
140.139736239 1.48223479192e+44
140.388358551 1.52130668143e+44
140.636980862 1.51623083281e+44
140.885603173 1.51942632772e+44
141.134225485 1.51222084519e+44
141.382847796 1.53004028903e+44
141.631470107 1.53128524838e+44
141.880092419 1.53900086261e+44
142.12871473 1.52939922164e+44
142.377337041 1.54854318038e+44
142.625959353 1.57180511381e+44
142.874581664 1.57692113693e+44
143.123203975 1.58535960988e+44
143.371826287 1.54321952578e+44
143.620448598 1.55133720276e+44
143.869070909 1.51684414613e+44
144.117693221 1.58287530129e+44
144.366315532 1.56531152465e+44
144.614937843 1.57423050914e+44
144.863560155 1.58940780518e+44
145.112182466 1.55472702282e+44
145.360804777 1.59168507668e+44
145.609427089 1.58621952793e+44
145.8580494 1.59381398879e+44
146.106671711 1.56790002465e+44
146.355294023 1.58365662773e+44
146.603916334 1.56632496917e+44
146.852538645 1.55988972999e+44
147.101160957 1.55809929571e+44
147.349783268 1.6271382328e+44
147.598405579 1.59484762437e+44
147.847027891 1.59917575794e+44
148.095650202 1.61239921225e+44
148.344272513 1.62037841795e+44
148.592894825 1.60101402562e+44
148.841517136 1.64138813317e+44
149.090139447 1.58897641549e+44
149.338761759 1.61478558673e+44
149.58738407 1.64104553919e+44
149.836006381 1.63020303603e+44
150.084628693 1.6164822929e+44
150.333251004 1.6288491162e+44
150.581873315 1.65096779017e+44
150.830495627 1.64854863151e+44
151.079117938 1.63866940304e+44
151.327740249 1.61628426597e+44
151.576362561 1.67023288985e+44
151.824984872 1.6414977596e+44
152.073607183 1.63846516052e+44
152.322229495 1.65208185172e+44
152.570851806 1.61040828014e+44
152.819474117 1.6529359641e+44
153.068096429 1.63071074475e+44
153.31671874 1.64654560141e+44
153.565341051 1.63323893404e+44
153.813963363 1.66064828787e+44
154.062585674 1.6458437105e+44
154.311207986 1.62433237126e+44
154.559830297 1.66172474305e+44
154.808452608 1.65724968292e+44
155.05707492 1.68439163298e+44
155.305697231 1.66535868203e+44
155.554319542 1.68248389139e+44
155.802941854 1.65852159489e+44
156.051564165 1.65038717233e+44
156.300186476 1.65898382632e+44
156.548808788 1.69860416909e+44
156.797431099 1.68975454287e+44
157.04605341 1.68329761363e+44
157.294675722 1.68447837754e+44
157.543298033 1.680873149e+44
157.791920344 1.67845818709e+44
158.040542656 1.70836876957e+44
158.289164967 1.66828042728e+44
158.537787278 1.70757824256e+44
158.78640959 1.70760998339e+44
159.035031901 1.70572365058e+44
159.283654212 1.67460545435e+44
159.532276524 1.68459411838e+44
159.780898835 1.71826605602e+44
160.029521146 1.67524263505e+44
160.278143458 1.70858961074e+44
160.526765769 1.68913967997e+44
160.77538808 1.70296004864e+44
161.024010392 1.70576817082e+44
161.272632703 1.72052033796e+44
161.521255014 1.7224754133e+44
161.769877326 1.67845502542e+44
162.018499637 1.69261746128e+44
162.267121948 1.7491266234e+44
162.51574426 1.7267651048e+44
162.764366571 1.68291852183e+44
163.012988882 1.69585408429e+44
163.261611194 1.69587985051e+44
163.510233505 1.69028184222e+44
163.758855816 1.72457259551e+44
164.007478128 1.72839893009e+44
164.256100439 1.74083819749e+44
164.50472275 1.70248361742e+44
164.753345062 1.72242849615e+44
165.001967373 1.72575726641e+44
165.250589684 1.73464341987e+44
165.499211996 1.72284381123e+44
165.747834307 1.73577338374e+44
165.996456618 1.73806181046e+44
166.24507893 1.75188590049e+44
166.493701241 1.72198379146e+44
166.742323552 1.72654049806e+44
166.990945864 1.73181614718e+44
167.239568175 1.7244946321e+44
167.488190486 1.72973662096e+44
167.736812798 1.76088191765e+44
167.985435109 1.77512094861e+44
168.23405742 1.7311127346e+44
168.482679732 1.72666476945e+44
168.731302043 1.75492910206e+44
168.979924354 1.76901657514e+44
169.228546666 1.75947088012e+44
169.477168977 1.76274246156e+44
169.725791288 1.72166120669e+44
169.9744136 1.74624047402e+44
170.223035911 1.76248755015e+44
170.471658222 1.74681332187e+44
170.720280534 1.74552583621e+44
170.968902845 1.72795123174e+44
171.217525156 1.72323306525e+44
171.466147468 1.73685728834e+44
171.714769779 1.71904719338e+44
171.96339209 1.69557933387e+44
172.212014402 1.73218680468e+44
172.460636713 1.72946566456e+44
172.709259024 1.74417817519e+44
172.957881336 1.74941389003e+44
173.206503647 1.77023194675e+44
173.455125958 1.71280682956e+44
173.70374827 1.72623641344e+44
173.952370581 1.72247204304e+44
174.200992893 1.69467854386e+44
174.449615204 1.72621321192e+44
174.698237515 1.7053843731e+44
174.946859827 1.73172015258e+44
175.195482138 1.71839656887e+44
175.444104449 1.70919658136e+44
175.692726761 1.70522094257e+44
175.941349072 1.69829316633e+44
176.189971383 1.72706089884e+44
176.438593695 1.71431905005e+44
176.687216006 1.71872602028e+44
176.935838317 1.703626836e+44
177.184460629 1.71830238819e+44
177.43308294 1.69057288725e+44
177.681705251 1.67792252168e+44
177.930327563 1.69129603306e+44
178.178949874 1.70790494259e+44
178.427572185 1.7125701701e+44
178.676194497 1.69569078054e+44
178.924816808 1.70105680083e+44
179.173439119 1.68836548981e+44
179.422061431 1.68430821187e+44
179.670683742 1.70801451099e+44
179.919306053 1.66609628168e+44
180.167928365 1.72330619985e+44
180.416550676 1.68390288247e+44
180.665172987 1.67832218932e+44
180.913795299 1.71715486881e+44
181.16241761 1.6915580864e+44
181.411039921 1.68021985713e+44
181.659662233 1.69263960054e+44
181.908284544 1.67636725163e+44
182.156906855 1.67097589359e+44
182.405529167 1.70247234136e+44
182.654151478 1.69621995188e+44
182.902773789 1.69652107002e+44
183.151396101 1.68483104173e+44
183.400018412 1.68358070599e+44
183.648640723 1.67641232133e+44
183.897263035 1.72002887199e+44
184.145885346 1.69092586258e+44
184.394507657 1.68290740031e+44
184.643129969 1.69208914675e+44
184.89175228 1.7053035238e+44
185.140374591 1.70084620646e+44
185.388996903 1.6812555914e+44
185.637619214 1.68063915026e+44
185.886241525 1.71923209209e+44
186.134863837 1.69396901784e+44
186.383486148 1.70596149897e+44
186.632108459 1.67488105677e+44
186.880730771 1.68616024255e+44
187.129353082 1.68309087856e+44
187.377975393 1.66063093727e+44
187.626597705 1.69413788586e+44
187.875220016 1.68060425228e+44
188.123842327 1.6481121094e+44
188.372464639 1.68315580209e+44
188.62108695 1.68189048335e+44
188.869709261 1.66522532611e+44
189.118331573 1.6507841426e+44
189.366953884 1.65063377321e+44
189.615576195 1.62756702422e+44
189.864198507 1.63728063803e+44
190.112820818 1.65973313973e+44
190.361443129 1.6420463664e+44
190.610065441 1.64641485473e+44
190.858687752 1.61569246666e+44
191.107310063 1.63759015416e+44
191.355932375 1.59590456861e+44
191.604554686 1.58762230599e+44
191.853176997 1.6221103475e+44
192.101799309 1.60222624869e+44
192.35042162 1.60180616837e+44
192.599043931 1.6020244882e+44
192.847666243 1.60790992697e+44
193.096288554 1.59073190762e+44
193.344910865 1.59874544656e+44
193.593533177 1.58757213574e+44
193.842155488 1.58981054264e+44
194.0907778 1.5656783093e+44
194.339400111 1.57571806112e+44
194.588022422 1.57634908742e+44
194.836644734 1.58120695148e+44
195.085267045 1.55531001449e+44
195.333889356 1.55753318614e+44
195.582511668 1.59255954748e+44
195.831133979 1.54173407675e+44
196.07975629 1.56597511977e+44
196.328378602 1.54197267008e+44
196.577000913 1.53436844341e+44
196.825623224 1.5195739743e+44
197.074245536 1.54831810413e+44
197.322867847 1.57244528776e+44
197.571490158 1.55573643473e+44
197.82011247 1.54853416495e+44
198.068734781 1.54475146493e+44
198.317357092 1.53515014572e+44
198.565979404 1.54760807839e+44
198.814601715 1.52037217488e+44
199.063224026 1.55314207793e+44
199.311846338 1.53711616327e+44
199.560468649 1.5208652e+44
199.80909096 1.53999527694e+44
200.057713272 1.51882667998e+44
200.306335583 1.5062049013e+44
200.554957894 1.49278165078e+44
200.803580206 1.51052051377e+44
201.052202517 1.52353798036e+44
201.300824828 1.52023253934e+44
201.54944714 1.47299848878e+44
201.798069451 1.49339136688e+44
202.046691762 1.49304922386e+44
202.295314074 1.46891187011e+44
202.543936385 1.49614462989e+44
202.792558696 1.4803040013e+44
203.041181008 1.46742581497e+44
203.289803319 1.47745632716e+44
203.53842563 1.4791540703e+44
203.787047942 1.46857637574e+44
204.035670253 1.45144297811e+44
204.284292564 1.46714585644e+44
204.532914876 1.47330404181e+44
204.781537187 1.41732500842e+44
205.030159498 1.44147533311e+44
205.27878181 1.44240072078e+44
205.527404121 1.43081811581e+44
205.776026432 1.41839990642e+44
206.024648744 1.42948894102e+44
206.273271055 1.40538842489e+44
206.521893366 1.45227414852e+44
206.770515678 1.4306831202e+44
207.019137989 1.40490672504e+44
207.2677603 1.40240265637e+44
207.516382612 1.37848209809e+44
207.765004923 1.38646166282e+44
208.013627234 1.39588055021e+44
208.262249546 1.39431996179e+44
208.510871857 1.39239897666e+44
208.759494168 1.38047316613e+44
209.00811648 1.37951478932e+44
209.256738791 1.37753545299e+44
209.505361102 1.37394468458e+44
209.753983414 1.36009218417e+44
210.002605725 1.36733371942e+44
210.251228036 1.37724284893e+44
210.499850348 1.34400930283e+44
210.748472659 1.33585443962e+44
210.99709497 1.34964378977e+44
211.245717282 1.33118476602e+44
211.494339593 1.31846115585e+44
211.742961904 1.31029963506e+44
211.991584216 1.33109238883e+44
212.240206527 1.31350488149e+44
212.488828838 1.31307173883e+44
212.73745115 1.32025977677e+44
212.986073461 1.3255074298e+44
213.234695772 1.31079178995e+44
213.483318084 1.30701505718e+44
213.731940395 1.29204440618e+44
213.980562707 1.29261922091e+44
214.229185018 1.27175631535e+44
214.477807329 1.2611203581e+44
214.726429641 1.26855856583e+44
214.975051952 1.28386820995e+44
215.223674263 1.24622296521e+44
215.472296575 1.26353547627e+44
215.720918886 1.26162829596e+44
215.969541197 1.24866897142e+44
216.218163509 1.24684296173e+44
216.46678582 1.24045106951e+44
216.715408131 1.22725204831e+44
216.964030443 1.20743112451e+44
217.212652754 1.21424032002e+44
217.461275065 1.23051611022e+44
217.709897377 1.22038094679e+44
217.958519688 1.2066727825e+44
218.207141999 1.20988156397e+44
218.455764311 1.19262322906e+44
218.704386622 1.18833125717e+44
218.953008933 1.18331234085e+44
219.201631245 1.16585526234e+44
219.450253556 1.18368844619e+44
219.698875867 1.17701686326e+44
219.947498179 1.16914693066e+44
220.19612049 1.15096622597e+44
220.444742801 1.15860577067e+44
220.693365113 1.13638846934e+44
220.941987424 1.14694349164e+44
221.190609735 1.1381495e+44
221.439232047 1.12335095522e+44
221.687854358 1.11803533482e+44
221.936476669 1.12481135921e+44
222.185098981 1.12054180226e+44
222.433721292 1.11706680026e+44
222.682343603 1.10594574916e+44
222.930965915 1.09045153048e+44
223.179588226 1.08921232046e+44
223.428210537 1.09666828407e+44
223.676832849 1.08753065747e+44
223.92545516 1.08773952523e+44
224.174077471 1.06960975473e+44
224.422699783 1.07030541369e+44
224.671322094 1.08030161606e+44
224.919944405 1.08610074007e+44
225.168566717 1.07430619113e+44
225.417189028 1.07763437749e+44
225.665811339 1.0549062279e+44
225.914433651 1.05003556655e+44
226.163055962 1.04856614497e+44
226.411678273 1.04215884379e+44
226.660300585 1.03780098705e+44
226.908922896 1.03295263561e+44
227.157545207 1.02768974376e+44
227.406167519 1.04052788355e+44
227.65478983 1.0157694164e+44
227.903412141 1.02158988803e+44
228.152034453 1.03043253407e+44
228.400656764 1.01639416323e+44
228.649279075 1.02510266333e+44
228.897901387 1.00021360719e+44
229.146523698 1.00251500817e+44
229.395146009 9.87538360897e+43
229.643768321 9.97743356066e+43
229.892390632 9.92333600539e+43
230.141012943 1.00279827513e+44
230.389635255 9.80403756395e+43
230.638257566 9.87568000064e+43
230.886879877 9.69957153151e+43
231.135502189 9.82269483239e+43
231.3841245 9.73137123344e+43
231.632746811 9.85267606633e+43
231.881369123 9.79250429066e+43
232.129991434 9.65495211678e+43
232.378613745 9.60363396332e+43
232.627236057 9.68846838179e+43
232.875858368 9.65244278771e+43
233.124480679 9.34039476516e+43
233.373102991 9.471937953e+43
233.621725302 9.39639903179e+43
233.870347614 9.24589264042e+43
234.118969925 9.14087428799e+43
234.367592236 9.28804849978e+43
234.616214548 9.23871061952e+43
234.864836859 9.19746123819e+43
235.11345917 9.22657969739e+43
235.362081482 9.24202992624e+43
235.610703793 9.2408146363e+43
235.859326104 9.0584830973e+43
236.107948416 9.23849386415e+43
236.356570727 9.01051257327e+43
236.605193038 9.00801444201e+43
236.85381535 8.98175153962e+43
237.102437661 8.89159164316e+43
237.351059972 8.95764710775e+43
237.599682284 8.80210158424e+43
237.848304595 8.78519011969e+43
238.096926906 8.85778425851e+43
238.345549218 8.81917950706e+43
238.594171529 8.75385908592e+43
238.84279384 8.9992855205e+43
239.091416152 8.77925977321e+43
239.340038463 8.61243021806e+43
239.588660774 8.59434150482e+43
239.837283086 8.76821870598e+43
240.085905397 8.60106071299e+43
240.334527708 8.53848644757e+43
240.58315002 8.72079969434e+43
240.831772331 8.48523816259e+43
241.080394642 8.41159355973e+43
241.329016954 8.40307245361e+43
241.577639265 8.448943419e+43
241.826261576 8.38415832492e+43
242.074883888 8.40813014846e+43
242.323506199 8.17762714855e+43
242.57212851 8.36461234205e+43
242.820750822 8.18035099689e+43
243.069373133 8.32200682832e+43
243.317995444 8.22697340953e+43
243.566617756 8.14355899101e+43
243.815240067 8.10758406181e+43
244.063862378 8.19403910587e+43
244.31248469 8.01583363608e+43
244.561107001 8.0873095841e+43
244.809729312 7.94741437826e+43
245.058351624 7.93008036389e+43
245.306973935 7.94846348576e+43
245.555596246 8.03526293484e+43
245.804218558 7.89710679655e+43
246.052840869 7.8246511712e+43
246.30146318 7.83343123148e+43
246.550085492 7.74813392521e+43
246.798707803 7.91595021791e+43
247.047330114 7.84649771583e+43
247.295952426 7.66405988354e+43
247.544574737 7.72211886314e+43
247.793197048 7.95278996855e+43
248.04181936 7.82136698232e+43
248.290441671 7.66246573281e+43
248.539063982 7.45293362565e+43
248.787686294 7.65036697234e+43
249.036308605 7.44872293494e+43
249.284930916 7.4043931174e+43
249.533553228 7.52614196967e+43
249.782175539 7.51437019995e+43
250.03079785 7.53503226618e+43
250.279420162 7.30185430373e+43
250.528042473 7.4171320685e+43
250.776664784 7.07141692652e+43
251.025287096 7.42591337472e+43
251.273909407 7.29163464489e+43
251.522531718 7.26807754098e+43
251.77115403 7.25947718045e+43
252.019776341 7.21648865796e+43
252.268398652 7.15483654202e+43
252.517020964 7.2638970343e+43
252.765643275 7.136617147e+43
253.014265586 7.22098431271e+43
253.262887898 7.15996440069e+43
253.511510209 7.055044598e+43
253.760132521 7.08036928264e+43
254.008754832 7.04823000981e+43
254.257377143 7.0515990455e+43
254.505999455 7.00005828555e+43
254.754621766 6.94450545279e+43
255.003244077 6.88439347451e+43
255.251866389 6.91079351268e+43
255.5004887 6.97069979349e+43
255.749111011 6.84788980824e+43
255.997733323 6.72028020353e+43
256.246355634 6.93340494311e+43
256.494977945 6.79568489974e+43
256.743600257 6.72484728636e+43
256.992222568 6.68194709884e+43
257.240844879 6.63606850865e+43
257.489467191 6.58529932299e+43
257.738089502 6.56498159415e+43
257.986711813 6.63800839491e+43
258.235334125 6.58500407058e+43
258.483956436 6.60708698703e+43
258.732578747 6.6251666556e+43
258.981201059 6.36712908876e+43
259.22982337 6.40841751177e+43
259.478445681 6.51006396841e+43
259.727067993 6.55975398371e+43
259.975690304 6.48754565565e+43
260.224312615 6.39311245018e+43
260.472934927 6.38467999621e+43
260.721557238 6.3810097435e+43
260.970179549 6.34531851914e+43
261.218801861 6.29599416609e+43
261.467424172 6.2361218008e+43
261.716046483 6.18487293403e+43
261.964668795 6.22103384463e+43
262.213291106 6.13448852443e+43
262.461913417 6.29240026787e+43
262.710535729 6.16653316224e+43
262.95915804 6.02003128667e+43
263.207780351 6.13299596456e+43
263.456402663 6.04402868802e+43
263.705024974 6.18013697512e+43
263.953647285 6.08742440488e+43
264.202269597 5.97056566442e+43
264.450891908 6.06867082906e+43
264.699514219 5.8041461401e+43
264.948136531 6.23812899666e+43
265.196758842 5.96719326673e+43
265.445381153 5.89574029697e+43
265.694003465 5.93543481131e+43
265.942625776 5.88686535691e+43
266.191248087 5.91495251901e+43
266.439870399 5.93853500168e+43
266.68849271 5.88786362071e+43
266.937115021 5.77283874003e+43
267.185737333 5.88292492676e+43
267.434359644 5.88683899271e+43
267.682981955 5.72443715437e+43
267.931604267 5.68224248388e+43
268.180226578 5.8119670105e+43
268.428848889 5.78505607858e+43
268.677471201 5.75947014106e+43
268.926093512 5.75172231134e+43
269.174715823 5.6567251107e+43
269.423338135 5.57919975479e+43
269.671960446 5.515117897e+43
269.920582757 5.62343615052e+43
270.169205069 5.62807242782e+43
270.41782738 5.65676072189e+43
270.666449691 5.545944049e+43
270.915072003 5.48948408251e+43
271.163694314 5.52015773777e+43
271.412316625 5.5558358889e+43
271.660938937 5.41952318295e+43
271.909561248 5.55028045673e+43
272.158183559 5.45148645595e+43
272.406805871 5.44073960042e+43
272.655428182 5.41065518484e+43
272.904050493 5.4046489854e+43
273.152672805 5.36948748375e+43
273.401295116 5.36236987859e+43
273.649917428 5.48943925618e+43
273.898539739 5.51079680374e+43
274.14716205 5.31227020322e+43
274.395784362 5.2967593994e+43
274.644406673 5.19921256453e+43
274.893028984 5.31001975546e+43
275.141651296 5.28822834522e+43
275.390273607 5.16455828772e+43
275.638895918 5.24040559327e+43
275.88751823 5.09480461019e+43
276.136140541 5.21387451578e+43
276.384762852 5.14043463506e+43
276.633385164 5.05911640974e+43
276.882007475 5.16437775334e+43
277.130629786 5.05501715192e+43
277.379252098 5.04048591713e+43
277.627874409 4.94510986624e+43
277.87649672 4.93135523442e+43
278.125119032 4.94043431104e+43
278.373741343 4.99809497844e+43
278.622363654 4.96745425192e+43
278.870985966 4.93381436151e+43
279.119608277 4.98700996133e+43
279.368230588 4.77028255606e+43
279.6168529 5.02539159833e+43
279.865475211 4.84876078384e+43
280.114097522 4.9109127123e+43
280.362719834 4.76056184648e+43
280.611342145 4.83284150398e+43
280.859964456 4.81869164056e+43
281.108586768 4.66525060592e+43
281.357209079 4.79207985806e+43
281.60583139 4.78874121444e+43
281.854453702 4.71049967862e+43
282.103076013 4.74928898132e+43
282.351698324 4.64953334145e+43
282.600320636 4.71760746463e+43
282.848942947 4.56949501805e+43
283.097565258 4.74878906675e+43
283.34618757 4.63766558777e+43
283.594809881 4.51860241557e+43
283.843432192 4.68603720248e+43
284.092054504 4.60430681442e+43
284.340676815 4.6031007867e+43
284.589299126 4.45325038382e+43
284.837921438 4.43076476556e+43
285.086543749 4.54466714375e+43
285.33516606 4.47201205918e+43
285.583788372 4.47910332506e+43
285.832410683 4.53064524256e+43
286.081032994 4.5658855114e+43
286.329655306 4.50202269272e+43
286.578277617 4.40117700132e+43
286.826899928 4.46764000924e+43
287.07552224 4.44103145679e+43
287.324144551 4.45215928902e+43
287.572766862 4.3928520713e+43
287.821389174 4.40012336563e+43
288.070011485 4.34416542619e+43
288.318633796 4.41652858758e+43
288.567256108 4.35004940919e+43
288.815878419 4.3710862086e+43
289.06450073 4.32596861129e+43
289.313123042 4.35216800897e+43
289.561745353 4.26788401652e+43
289.810367664 4.27388800264e+43
290.058989976 4.26518880166e+43
290.307612287 4.29529529695e+43
290.556234598 4.1900081123e+43
290.80485691 4.29599038133e+43
291.053479221 4.15566790513e+43
291.302101532 4.12161365488e+43
291.550723844 4.12538566372e+43
291.799346155 4.17449131633e+43
292.047968466 4.13525726194e+43
292.296590778 4.15856290202e+43
292.545213089 4.04832238202e+43
292.7938354 4.10986826606e+43
293.042457712 4.16795191168e+43
293.291080023 4.00929116316e+43
293.539702335 4.09934437073e+43
293.788324646 3.99469263662e+43
294.036946957 4.03552153731e+43
294.285569269 4.14647295691e+43
294.53419158 3.9753520749e+43
294.782813891 3.91789389218e+43
295.031436203 3.91954124152e+43
295.280058514 3.9524369794e+43
295.528680825 3.96204770263e+43
295.777303137 3.92331344718e+43
296.025925448 3.8850621773e+43
296.274547759 3.99994406112e+43
296.523170071 3.85098922411e+43
296.771792382 3.8071264493e+43
297.020414693 3.89609543104e+43
297.269037005 3.8720044577e+43
297.517659316 3.84846155352e+43
297.766281627 3.84364083727e+43
298.014903939 3.80838234025e+43
298.26352625 3.82893307731e+43
298.512148561 3.82536211695e+43
298.760770873 3.70719830839e+43
299.009393184 3.70544249175e+43
299.258015495 3.75020741481e+43
299.506637807 3.7439352768e+43
299.755260118 3.7030261879e+43
300.003882429 3.70904091258e+43
300.252504741 3.70006693973e+43
300.501127052 3.68267913553e+43
300.749749363 3.68121409429e+43
300.998371675 3.68166927817e+43
301.246993986 3.60105360231e+43
301.495616297 3.6233514267e+43
301.744238609 3.68990924173e+43
301.99286092 3.62025068115e+43
302.241483231 3.57021426526e+43
302.490105543 3.54148645472e+43
302.738727854 3.65720636836e+43
302.987350165 3.61173029976e+43
303.235972477 3.58991593908e+43
303.484594788 3.44351886539e+43
303.733217099 3.5836815389e+43
303.981839411 3.50277368472e+43
304.230461722 3.47943102815e+43
304.479084033 3.50806023358e+43
304.727706345 3.5448979724e+43
304.976328656 3.47016791837e+43
305.224950967 3.44398719008e+43
305.473573279 3.51341475368e+43
305.72219559 3.44205244662e+43
305.970817901 3.43645030772e+43
306.219440213 3.46899409232e+43
306.468062524 3.34467232223e+43
306.716684835 3.29975018791e+43
306.965307147 3.43371311311e+43
307.213929458 3.33732785346e+43
307.462551769 3.34760911686e+43
307.711174081 3.40079643832e+43
307.959796392 3.32776583352e+43
308.208418703 3.34362960398e+43
308.457041015 3.33364074261e+43
308.705663326 3.30824450309e+43
308.954285637 3.26657897075e+43
309.202907949 3.30052334345e+43
309.45153026 3.25211640075e+43
309.700152571 3.19514153513e+43
309.948774883 3.19477789997e+43
310.197397194 3.21516782632e+43
310.446019505 3.1461591964e+43
310.694641817 3.16230722884e+43
310.943264128 3.18706689046e+43
311.191886439 3.14749500306e+43
311.440508751 3.16332269289e+43
311.689131062 3.14626535621e+43
311.937753373 3.0981804932e+43
312.186375685 3.14288151492e+43
312.434997996 3.07123296173e+43
312.683620307 3.0638314783e+43
312.932242619 3.04675777043e+43
313.18086493 3.03595208423e+43
313.429487242 3.05361942522e+43
313.678109553 3.05385565529e+43
313.926731864 3.00788670365e+43
314.175354176 3.0275039905e+43
314.423976487 2.92812483942e+43
314.672598798 2.9841772122e+43
314.92122111 2.97431972659e+43
315.169843421 2.99680000167e+43
315.418465732 2.98120326062e+43
315.667088044 2.90812546302e+43
315.915710355 2.83720379232e+43
316.164332666 2.92258235294e+43
316.412954978 2.91514608702e+43
316.661577289 2.9648211163e+43
316.9101996 2.88465692848e+43
317.158821912 2.83880684869e+43
317.407444223 2.77258498111e+43
317.656066534 2.79234173259e+43
317.904688846 2.80582386797e+43
318.153311157 2.84218681768e+43
318.401933468 2.79784061357e+43
318.65055578 2.77829613343e+43
318.899178091 2.77847812476e+43
319.147800402 2.76552125331e+43
319.396422714 2.77372888074e+43
319.645045025 2.76501820102e+43
319.893667336 2.77725532897e+43
320.142289648 2.76703791751e+43
320.390911959 2.76745777512e+43
320.63953427 2.74317544001e+43
320.888156582 2.74787963542e+43
321.136778893 2.68551199789e+43
321.385401204 2.71465946738e+43
321.634023516 2.70175647922e+43
321.882645827 2.64175342457e+43
322.131268138 2.65459607138e+43
322.37989045 2.6518468868e+43
322.628512761 2.62302014433e+43
322.877135072 2.61760726996e+43
323.125757384 2.59456811107e+43
323.374379695 2.63601052429e+43
323.623002006 2.56890117083e+43
323.871624318 2.55838730938e+43
324.120246629 2.60456679986e+43
324.36886894 2.54690785555e+43
324.617491252 2.56545468112e+43
324.866113563 2.54261814625e+43
325.114735874 2.5254942177e+43
325.363358186 2.46213696048e+43
325.611980497 2.53611321398e+43
325.860602808 2.55144860001e+43
326.10922512 2.55311903467e+43
326.357847431 2.55122739638e+43
326.606469742 2.50888810178e+43
326.855092054 2.44006121676e+43
327.103714365 2.49261336331e+43
327.352336676 2.47851779757e+43
327.600958988 2.45844826632e+43
327.849581299 2.47745927607e+43
328.09820361 2.41360689892e+43
328.346825922 2.45853008865e+43
328.595448233 2.41482019961e+43
328.844070544 2.40086561038e+43
329.092692856 2.42393687363e+43
329.341315167 2.41871680386e+43
329.589937478 2.35723144928e+43
329.83855979 2.40336858509e+43
330.087182101 2.34949024144e+43
330.335804412 2.33566218996e+43
330.584426724 2.32609794651e+43
330.833049035 2.37771567101e+43
331.081671346 2.29808648269e+43
331.330293658 2.36114545731e+43
331.578915969 2.25890882481e+43
331.82753828 2.31724639977e+43
332.076160592 2.25654035167e+43
332.324782903 2.30691548615e+43
332.573405214 2.3481091611e+43
332.822027526 2.35134330908e+43
333.070649837 2.25809342976e+43
333.319272149 2.27655389148e+43
333.56789446 2.21455909257e+43
333.816516771 2.25028534818e+43
334.065139083 2.25370784604e+43
334.313761394 2.20130530312e+43
334.562383705 2.21977215895e+43
334.811006017 2.19412244289e+43
335.059628328 2.19297705346e+43
335.308250639 2.17539807566e+43
335.556872951 2.20036828312e+43
335.805495262 2.18251961797e+43
336.054117573 2.15569606167e+43
336.302739885 2.16853743992e+43
336.551362196 2.19908684923e+43
336.799984507 2.20800474283e+43
337.048606819 2.14150987914e+43
337.29722913 2.11223247357e+43
337.545851441 2.10342141076e+43
337.794473753 2.09834405783e+43
338.043096064 2.16069464301e+43
338.291718375 2.111542094e+43
338.540340687 2.10129357866e+43
338.788962998 2.12037663059e+43
339.037585309 2.04862427382e+43
339.286207621 2.0803004962e+43
339.534829932 2.09963769634e+43
339.783452243 2.05044108219e+43
340.032074555 2.1002329666e+43
340.280696866 2.07961486901e+43
340.529319177 2.07723361034e+43
340.777941489 2.03233610313e+43
341.0265638 2.04673299919e+43
341.275186111 2.01658632716e+43
341.523808423 2.07201057174e+43
341.772430734 2.02464262658e+43
342.021053045 1.98431256058e+43
342.269675357 2.05485038013e+43
342.518297668 2.03177432658e+43
342.766919979 2.01134385402e+43
343.015542291 2.01083042859e+43
343.264164602 1.99683826258e+43
343.512786913 1.97926278157e+43
343.761409225 1.99661164081e+43
344.010031536 1.98092971511e+43
344.258653847 1.98707352235e+43
344.507276159 2.0031013114e+43
344.75589847 1.9421035712e+43
345.004520781 1.98064878778e+43
345.253143093 1.99618878605e+43
345.501765404 1.93050393082e+43
345.750387715 1.95036653683e+43
345.999010027 1.92012873405e+43
346.247632338 1.91009445634e+43
346.496254649 1.89897769048e+43
346.744876961 1.91757857341e+43
346.993499272 1.90996521515e+43
347.242121583 1.91627773583e+43
347.490743895 1.94127965993e+43
347.739366206 1.88418901623e+43
347.987988517 1.89644746265e+43
348.236610829 1.91159347654e+43
348.48523314 1.86301651167e+43
348.733855451 1.83206872184e+43
348.982477763 1.86390917512e+43
349.231100074 1.87805948195e+43
349.479722385 1.83633806971e+43
349.728344697 1.85016924308e+43
349.976967008 1.8541866588e+43
350.225589319 1.80953672111e+43
350.474211631 1.81946869674e+43
350.722833942 1.83583510395e+43
350.971456253 1.80552814674e+43
351.220078565 1.80782652657e+43
351.468700876 1.80600764797e+43
351.717323187 1.81003940353e+43
351.965945499 1.8109351208e+43
352.21456781 1.79721582779e+43
352.463190121 1.7717313988e+43
352.711812433 1.72591971855e+43
352.960434744 1.76064530958e+43
353.209057056 1.7614943443e+43
353.457679367 1.76049905935e+43
353.706301678 1.71015339194e+43
353.95492399 1.74151725739e+43
354.203546301 1.71500760305e+43
354.452168612 1.74918413651e+43
354.700790924 1.6904117719e+43
354.949413235 1.73379524053e+43
355.198035546 1.72657998061e+43
355.446657858 1.72285977238e+43
355.695280169 1.74055855529e+43
355.94390248 1.67101182269e+43
356.192524792 1.73704231164e+43
356.441147103 1.72843473089e+43
356.689769414 1.74636702228e+43
356.938391726 1.74959073344e+43
357.187014037 1.69892688163e+43
357.435636348 1.69930401944e+43
357.68425866 1.67954325224e+43
357.932880971 1.68430557714e+43
358.181503282 1.66510340114e+43
358.430125594 1.67542797324e+43
358.678747905 1.65065572079e+43
358.927370216 1.69316946198e+43
359.175992528 1.66241014334e+43
359.424614839 1.69154191638e+43
359.67323715 1.64042542422e+43
359.921859462 1.60107945672e+43
360.170481773 1.65540041786e+43
360.419104084 1.66361925673e+43
360.667726396 1.6176454842e+43
360.916348707 1.56718367904e+43
361.164971018 1.6119916005e+43
361.41359333 1.63860899992e+43
361.662215641 1.63365041752e+43
361.910837952 1.60631132322e+43
362.159460264 1.58412527605e+43
362.408082575 1.59040603708e+43
362.656704886 1.6005302839e+43
362.905327198 1.57994218017e+43
363.153949509 1.60539692372e+43
363.40257182 1.54317986913e+43
363.651194132 1.59281751341e+43
363.899816443 1.5641576988e+43
364.148438754 1.57763880141e+43
364.397061066 1.57618026247e+43
364.645683377 1.57635355081e+43
364.894305688 1.55705654387e+43
365.142928 1.5474568457e+43
365.391550311 1.57129518822e+43
365.640172622 1.5422028324e+43
365.888794934 1.55494133816e+43
366.137417245 1.56294353911e+43
366.386039556 1.5253355807e+43
366.634661868 1.54419521558e+43
366.883284179 1.50450640954e+43
367.13190649 1.50680843022e+43
367.380528802 1.48904893351e+43
367.629151113 1.50920469796e+43
367.877773424 1.52423328639e+43
368.126395736 1.51559016753e+43
368.375018047 1.5021910524e+43
368.623640358 1.49861640706e+43
368.87226267 1.46905020061e+43
369.120884981 1.46153259655e+43
369.369507292 1.48325783274e+43
369.618129604 1.49103149753e+43
369.866751915 1.44757905638e+43
370.115374226 1.47509834313e+43
370.363996538 1.44926934351e+43
370.612618849 1.43854011943e+43
370.86124116 1.46427682149e+43
371.109863472 1.44512804893e+43
371.358485783 1.43986618445e+43
371.607108094 1.46256706884e+43
371.855730406 1.42134204848e+43
372.104352717 1.41286662251e+43
372.352975028 1.41008148622e+43
372.60159734 1.43786662913e+43
372.850219651 1.44416764891e+43
373.098841963 1.42391429901e+43
373.347464274 1.42726799259e+43
373.596086585 1.41804632309e+43
373.844708897 1.3977965291e+43
374.093331208 1.38776474468e+43
374.341953519 1.39100715136e+43
374.590575831 1.42214659793e+43
374.839198142 1.39298588226e+43
375.087820453 1.41026047385e+43
375.336442765 1.41505878242e+43
375.585065076 1.34987945084e+43
375.833687387 1.37396438558e+43
376.082309699 1.37935314321e+43
376.33093201 1.32714223307e+43
376.579554321 1.37665242629e+43
376.828176633 1.34487235132e+43
377.076798944 1.36126125867e+43
377.325421255 1.35771647291e+43
377.574043567 1.35385823025e+43
377.822665878 1.33894088505e+43
378.071288189 1.32635067953e+43
378.319910501 1.3597964189e+43
378.568532812 1.33561363837e+43
378.817155123 1.33732579987e+43
379.065777435 1.36256174714e+43
379.314399746 1.27257425788e+43
379.563022057 1.30005396777e+43
379.811644369 1.32032926612e+43
380.06026668 1.32166355368e+43
380.308888991 1.3092298542e+43
380.557511303 1.31910927748e+43
380.806133614 1.30044471412e+43
381.054755925 1.31447494283e+43
381.303378237 1.3152954404e+43
381.552000548 1.29711586581e+43
381.800622859 1.28608030637e+43
382.049245171 1.27078352426e+43
382.297867482 1.30105548384e+43
382.546489793 1.27603860973e+43
382.795112105 1.27739155381e+43
383.043734416 1.29330064444e+43
383.292356727 1.28493228871e+43
383.540979039 1.27099013947e+43
383.78960135 1.23166980785e+43
384.038223661 1.26980898363e+43
384.286845973 1.2844672859e+43
384.535468284 1.26101482322e+43
384.784090595 1.26072763297e+43
385.032712907 1.25033011164e+43
385.281335218 1.26212402106e+43
385.529957529 1.25563298279e+43
385.778579841 1.22645069318e+43
386.027202152 1.2305020435e+43
386.275824463 1.2394275206e+43
386.524446775 1.22134019951e+43
386.773069086 1.22001944735e+43
387.021691397 1.2293379434e+43
387.270313709 1.23325677572e+43
387.51893602 1.20750050779e+43
387.767558331 1.181781091e+43
388.016180643 1.22063286558e+43
388.264802954 1.19423757714e+43
388.513425265 1.20367815827e+43
388.762047577 1.21294902245e+43
389.010669888 1.21325586037e+43
389.259292199 1.20034941138e+43
389.507914511 1.19683835544e+43
389.756536822 1.17307747704e+43
390.005159133 1.1777198389e+43
390.253781445 1.16335659642e+43
390.502403756 1.15997922064e+43
390.751026067 1.17146595446e+43
390.999648379 1.17904844829e+43
391.24827069 1.15010759001e+43
391.496893001 1.1694598281e+43
391.745515313 1.15423196677e+43
391.994137624 1.14815208514e+43
392.242759935 1.16885538688e+43
392.491382247 1.14752994047e+43
392.740004558 1.18187807019e+43
392.98862687 1.16587189615e+43
393.237249181 1.1283713014e+43
393.485871492 1.12503757801e+43
393.734493804 1.15535735092e+43
393.983116115 1.14795214707e+43
394.231738426 1.13352080622e+43
394.480360738 1.11723968532e+43
394.728983049 1.12361374188e+43
394.97760536 1.1137373131e+43
395.226227672 1.11083766056e+43
395.474849983 1.12168395147e+43
395.723472294 1.12529512118e+43
395.972094606 1.10815615952e+43
396.220716917 1.10132036473e+43
396.469339228 1.1019097867e+43
396.71796154 1.10393146558e+43
396.966583851 1.08705846449e+43
397.215206162 1.07938039201e+43
397.463828474 1.09170097114e+43
397.712450785 1.10106700577e+43
397.961073096 1.09706325687e+43
398.209695408 1.07541949541e+43
398.458317719 1.09462406033e+43
398.70694003 1.09077443636e+43
398.955562342 1.07851645785e+43
399.204184653 1.08758786859e+43
399.452806964 1.09128947433e+43
399.701429276 1.07170348696e+43
399.950051587 1.06310819203e+43
400.198673898 1.06014106576e+43
400.44729621 1.07084682875e+43
400.695918521 1.06247377153e+43
400.944540832 1.05807732966e+43
401.193163144 1.0510618818e+43
401.441785455 1.06714772136e+43
401.690407766 1.03273538486e+43
401.939030078 1.04829825097e+43
402.187652389 1.03165559486e+43
402.4362747 1.01597768238e+43
402.684897012 1.02623173202e+43
402.933519323 1.03015498549e+43
403.182141634 1.05118249541e+43
403.430763946 1.02379053555e+43
403.679386257 1.03003945269e+43
403.928008568 1.02355046898e+43
404.17663088 1.05675653635e+43
404.425253191 1.02337561946e+43
404.673875502 1.01995246778e+43
404.922497814 1.02540391541e+43
405.171120125 1.00256863587e+43
405.419742436 1.00139945869e+43
405.668364748 1.00755908092e+43
405.916987059 9.98530642878e+42
406.16560937 1.00627846871e+43
406.414231682 1.00056429867e+43
406.662853993 9.62821248074e+42
406.911476304 9.73450865303e+42
407.160098616 9.92418173734e+42
407.408720927 9.68702027365e+42
407.657343238 9.96685706525e+42
407.90596555 9.78287401336e+42
408.154587861 9.79563008053e+42
408.403210172 9.82937324779e+42
408.651832484 9.83148492238e+42
408.900454795 9.59949550412e+42
409.149077106 9.93891258868e+42
409.397699418 9.8045123045e+42
409.646321729 9.55738579753e+42
409.89494404 9.7135439659e+42
410.143566352 9.62450404106e+42
410.392188663 9.71944742593e+42
410.640810974 9.56581752925e+42
410.889433286 9.75501348604e+42
411.138055597 9.60692037333e+42
411.386677908 9.37738149976e+42
411.63530022 9.36075924091e+42
411.883922531 9.46596048027e+42
412.132544842 9.31408866595e+42
412.381167154 9.37583428678e+42
412.629789465 9.39858419321e+42
412.878411777 9.3834737992e+42
413.127034088 9.23356691045e+42
413.375656399 9.5276175549e+42
413.624278711 9.36916426815e+42
413.872901022 9.26186185048e+42
414.121523333 9.2157206732e+42
414.370145645 9.23982352627e+42
414.618767956 9.36012898239e+42
414.867390267 9.2025749654e+42
415.116012579 9.23507547438e+42
415.36463489 9.22907645561e+42
415.613257201 9.1799585179e+42
415.861879513 8.97462364769e+42
416.110501824 9.14880347136e+42
416.359124135 8.98302184738e+42
416.607746447 8.84092339455e+42
416.856368758 8.88624983783e+42
417.104991069 8.75706466491e+42
417.353613381 8.78829596169e+42
417.602235692 8.86108016785e+42
417.850858003 8.89934106094e+42
418.099480315 8.92269831424e+42
418.348102626 8.86562535708e+42
418.596724937 9.01394782195e+42
418.845347249 8.88269326856e+42
419.09396956 8.78839793851e+42
419.342591871 8.81622824314e+42
419.591214183 8.75099772567e+42
419.839836494 8.68917320867e+42
420.088458805 8.84184424158e+42
420.337081117 8.95677522374e+42
420.585703428 8.63355036077e+42
420.834325739 8.60144354119e+42
421.082948051 8.62620727488e+42
421.331570362 8.45752156133e+42
421.580192673 8.45877941649e+42
421.828814985 8.61369467897e+42
422.077437296 8.74990726007e+42
422.326059607 8.41484977953e+42
422.574681919 8.49900143276e+42
422.82330423 8.68514972379e+42
423.071926541 8.57061843787e+42
423.320548853 8.39690312432e+42
423.569171164 8.38994107358e+42
423.817793475 8.33091296674e+42
424.066415787 8.39186365186e+42
424.315038098 8.37153622599e+42
424.563660409 8.57981462697e+42
424.812282721 8.45308545763e+42
425.060905032 8.46614243153e+42
425.309527343 8.46298445415e+42
425.558149655 8.1561215317e+42
425.806771966 8.28813515158e+42
426.055394277 8.26947924167e+42
426.304016589 8.34343942722e+42
426.5526389 8.21541673963e+42
426.801261211 8.13183596749e+42
427.049883523 8.2030264547e+42
427.298505834 8.18383058198e+42
427.547128145 8.14021200322e+42
427.795750457 8.17548482458e+42
428.044372768 8.085615294e+42
428.292995079 8.06880934077e+42
428.541617391 8.1687730736e+42
428.790239702 8.02574642967e+42
429.038862013 8.11085147389e+42
429.287484325 7.90730447188e+42
429.536106636 8.08923489091e+42
429.784728947 7.95563049079e+42
430.033351259 7.94708876166e+42
430.28197357 8.03660366581e+42
430.530595881 7.9349969256e+42
430.779218193 7.87884412307e+42
431.027840504 7.97517557524e+42
431.276462815 7.98891002716e+42
431.525085127 7.98989680072e+42
431.773707438 8.05965179029e+42
432.022329749 7.93427392434e+42
432.270952061 7.8541426564e+42
432.519574372 7.87421680688e+42
432.768196684 7.80011763451e+42
433.016818995 7.89720117204e+42
433.265441306 7.63016865313e+42
433.514063618 7.7354008673e+42
433.762685929 7.82407793719e+42
434.01130824 7.87313330649e+42
434.259930552 7.68192748998e+42
434.508552863 7.7179405299e+42
434.757175174 7.74375662758e+42
435.005797486 7.59746045499e+42
435.254419797 7.71499499746e+42
435.503042108 7.7918995511e+42
435.75166442 7.62183965503e+42
436.000286731 7.54630279382e+42
436.248909042 7.57695016919e+42
436.497531354 7.67951443906e+42
436.746153665 7.77274185816e+42
436.994775976 7.55450050038e+42
437.243398288 7.41208131043e+42
437.492020599 7.5663663257e+42
437.74064291 7.56838636476e+42
437.989265222 7.56216742692e+42
438.237887533 7.41013923134e+42
438.486509844 7.40964823423e+42
438.735132156 7.39405151013e+42
438.983754467 7.37862795328e+42
439.232376778 7.30451600831e+42
439.48099909 7.28788791358e+42
439.729621401 7.37708445686e+42
439.978243712 7.16448841041e+42
440.226866024 7.32676108937e+42
440.475488335 7.42320333918e+42
440.724110646 7.3674042054e+42
440.972732958 7.3965146061e+42
441.221355269 7.35082466871e+42
441.46997758 7.41940499361e+42
441.718599892 7.25941298726e+42
441.967222203 7.18694906197e+42
442.215844514 7.25537386327e+42
442.464466826 7.1699024962e+42
442.713089137 7.17214359714e+42
442.961711448 7.11822255281e+42
443.21033376 7.09468277598e+42
443.458956071 6.92264184489e+42
443.707578382 7.09253682663e+42
443.956200694 7.03577257429e+42
444.204823005 7.01441726029e+42
444.453445316 7.14880033782e+42
444.702067628 7.08047201074e+42
444.950689939 7.20362327516e+42
445.19931225 6.90240116035e+42
445.447934562 7.02804004284e+42
445.696556873 6.92767116631e+42
445.945179184 6.92365714517e+42
446.193801496 7.03884793872e+42
446.442423807 7.01596673448e+42
446.691046118 6.86455695209e+42
446.93966843 7.07342921344e+42
447.188290741 6.85307347098e+42
447.436913052 6.90609185509e+42
447.685535364 6.91676633755e+42
447.934157675 6.87643460847e+42
448.182779986 6.91975749054e+42
448.431402298 6.83775706534e+42
448.680024609 6.89749062078e+42
448.92864692 6.75288970643e+42
449.177269232 6.81691857394e+42
449.425891543 6.83696630142e+42
449.674513854 6.7194519299e+42
449.923136166 6.82200325561e+42
450.171758477 6.57374474068e+42
450.420380788 6.65836433051e+42
450.6690031 6.64175843297e+42
450.917625411 6.59788152053e+42
451.166247722 6.8384467677e+42
451.414870034 6.70905117778e+42
451.663492345 6.80355040368e+42
451.912114656 6.71093108384e+42
452.160736968 6.57614350102e+42
452.409359279 6.62666132301e+42
452.657981591 6.56948860309e+42
452.906603902 6.46993434846e+42
453.155226213 6.64830955644e+42
453.403848525 6.46944238056e+42
453.652470836 6.47872273194e+42
453.901093147 6.54202384506e+42
454.149715459 6.61868686921e+42
454.39833777 6.55182282722e+42
454.646960081 6.41897436715e+42
454.895582393 6.4806322162e+42
455.144204704 6.30854615489e+42
455.392827015 6.52990426744e+42
455.641449327 6.4004557416e+42
455.890071638 6.54225755655e+42
456.138693949 6.28308917442e+42
456.387316261 6.49424304396e+42
456.635938572 6.28740270445e+42
456.884560883 6.49989666374e+42
457.133183195 6.34636404495e+42
457.381805506 6.39417790137e+42
457.630427817 6.28894530859e+42
457.879050129 6.21052318422e+42
458.12767244 6.25325035312e+42
458.376294751 6.17338550445e+42
458.624917063 6.34245725708e+42
458.873539374 6.28938447419e+42
459.122161685 6.10387668715e+42
459.370783997 6.14716288042e+42
459.619406308 6.05294538457e+42
459.868028619 6.06905943695e+42
460.116650931 6.07267245537e+42
460.365273242 6.02844079215e+42
460.613895553 6.02961363223e+42
460.862517865 6.16571831993e+42
461.111140176 5.99473196356e+42
461.359762487 6.13141384858e+42
461.608384799 6.17169258938e+42
461.85700711 6.02597086986e+42
462.105629421 6.0522626225e+42
462.354251733 5.97572454633e+42
462.602874044 6.09584317079e+42
462.851496355 5.79859607168e+42
463.100118667 5.77158511776e+42
463.348740978 5.98239649296e+42
463.597363289 5.97245243502e+42
463.845985601 5.85883379947e+42
464.094607912 5.97316632646e+42
464.343230223 5.87285632648e+42
464.591852535 5.86583484445e+42
464.840474846 5.79870601938e+42
465.089097157 5.9510677464e+42
465.337719469 5.81208772076e+42
465.58634178 5.68919436088e+42
465.834964091 5.87908128261e+42
466.083586403 5.74996879315e+42
466.332208714 5.77751744388e+42
466.580831025 5.80335117483e+42
466.829453337 5.74552470159e+42
467.078075648 5.71692982429e+42
467.326697959 5.74716178324e+42
467.575320271 5.65299818535e+42
467.823942582 5.66984261901e+42
468.072564893 5.80444784568e+42
468.321187205 5.71659211578e+42
468.569809516 5.64404938591e+42
468.818431827 5.76276407408e+42
469.067054139 5.65673321949e+42
469.31567645 5.5505360998e+42
469.564298761 5.47197223619e+42
469.812921073 5.49394680546e+42
470.061543384 5.44879618771e+42
470.310165695 5.55834240494e+42
470.558788007 5.42285490596e+42
470.807410318 5.51614886388e+42
471.056032629 5.42672943359e+42
471.304654941 5.35917019454e+42
471.553277252 5.47260842897e+42
471.801899563 5.29698429051e+42
472.050521875 5.41875613906e+42
472.299144186 5.42193152956e+42
472.547766498 5.48991683572e+42
472.796388809 5.36891480844e+42
473.04501112 5.31422727446e+42
473.293633432 5.33431691222e+42
473.542255743 5.18309474861e+42
473.790878054 5.315722305e+42
474.039500366 5.31616133099e+42
474.288122677 5.27086922182e+42
474.536744988 5.25706352689e+42
474.7853673 5.28381851734e+42
475.033989611 5.14962764619e+42
475.282611922 5.1901123413e+42
475.531234234 5.15038139196e+42
475.779856545 5.17021356083e+42
476.028478856 5.1310263209e+42
476.277101168 5.17053584128e+42
476.525723479 5.1932123879e+42
476.77434579 5.01371364363e+42
477.022968102 5.13092447875e+42
477.271590413 5.16267704198e+42
477.520212724 4.9925581953e+42
477.768835036 5.0560584738e+42
478.017457347 4.94884897408e+42
478.266079658 5.07096901725e+42
478.51470197 5.03230848992e+42
478.763324281 4.93803129551e+42
479.011946592 4.91602323483e+42
479.260568904 5.04365769323e+42
479.509191215 5.00466423642e+42
479.757813526 4.97422484412e+42
480.006435838 4.81843645794e+42
480.255058149 4.8065006572e+42
480.50368046 4.78406022418e+42
480.752302772 4.74822975617e+42
481.000925083 4.79055826996e+42
481.249547394 4.73487084516e+42
481.498169706 4.74814902832e+42
481.746792017 4.80869225085e+42
481.995414328 4.66728099726e+42
482.24403664 4.76114991907e+42
482.492658951 4.72965929945e+42
482.741281262 4.60221836022e+42
482.989903574 4.66809831631e+42
483.238525885 4.70947985413e+42
483.487148196 4.52046038222e+42
483.735770508 4.57260023096e+42
483.984392819 4.44088102591e+42
484.23301513 4.54995506007e+42
484.481637442 4.56231980633e+42
484.730259753 4.57235706825e+42
484.978882064 4.54781945726e+42
485.227504376 4.53628134121e+42
485.476126687 4.46738699199e+42
485.724748998 4.48062560015e+42
485.97337131 4.55021450558e+42
486.221993621 4.5087757505e+42
486.470615932 4.46647481346e+42
486.719238244 4.49046040261e+42
486.967860555 4.42874546879e+42
487.216482866 4.42360457981e+42
487.465105178 4.35716881356e+42
487.713727489 4.40793874832e+42
487.9623498 4.42033219758e+42
488.210972112 4.40729988392e+42
488.459594423 4.37493342938e+42
488.708216734 4.30401275849e+42
488.956839046 4.30522178434e+42
489.205461357 4.31386916241e+42
489.454083668 4.29473285033e+42
489.70270598 4.2759586483e+42
489.951328291 4.27106138972e+42
490.199950602 4.22750205036e+42
490.448572914 4.16565321557e+42
490.697195225 4.19596761205e+42
490.945817536 4.16170618417e+42
491.194439848 4.11772607238e+42
491.443062159 4.18404813875e+42
491.69168447 4.14755533249e+42
491.940306782 4.18563803926e+42
492.188929093 4.14322390204e+42
492.437551405 4.12938175915e+42
492.686173716 4.14915781842e+42
492.934796027 4.05826590188e+42
493.183418339 4.06517421819e+42
493.43204065 3.99366797782e+42
493.680662961 3.96827164707e+42
493.929285273 4.04013986226e+42
494.177907584 4.01359068732e+42
494.426529895 3.96489346064e+42
494.675152207 3.91905145617e+42
494.923774518 3.94921372306e+42
495.172396829 4.03202708962e+42
495.421019141 3.88614718385e+42
495.669641452 3.95668614251e+42
495.918263763 3.86459898304e+42
496.166886075 3.79151466386e+42
496.415508386 3.76101169118e+42
496.664130697 3.92794767752e+42
496.912753009 3.83294455352e+42
497.16137532 3.81590962837e+42
497.409997631 3.86632992938e+42
497.658619943 3.75820746595e+42
497.907242254 3.7938859868e+42
498.155864565 3.81861710697e+42
498.404486877 3.75116810344e+42
498.653109188 3.75116272717e+42
498.901731499 3.73922016499e+42
499.150353811 3.74700644535e+42
499.398976122 3.73335068196e+42
499.647598433 3.73519763012e+42
499.896220745 3.72421122328e+42
500.144843056 3.76097994544e+42
500.393465367 3.7136561267e+42
500.642087679 3.63377180122e+42
500.89070999 3.63327591378e+42
501.139332301 3.62638598612e+42
501.387954613 3.58409132111e+42
501.636576924 3.59267686933e+42
501.885199235 3.57455388264e+42
502.133821547 3.58345383575e+42
502.382443858 3.61212207313e+42
502.631066169 3.56884694546e+42
502.879688481 3.63873960588e+42
503.128310792 3.49951163336e+42
503.376933103 3.57815246476e+42
503.625555415 3.5055921849e+42
503.874177726 3.5042153062e+42
504.122800037 3.57048989594e+42
504.371422349 3.5167218095e+42
504.62004466 3.53135926582e+42
504.868666971 3.44397282703e+42
505.117289283 3.46467071299e+42
505.365911594 3.44043572869e+42
505.614533905 3.42019508661e+42
505.863156217 3.58410545819e+42
506.111778528 3.42682095801e+42
506.360400839 3.42591693734e+42
506.609023151 3.39229782936e+42
506.857645462 3.42556486387e+42
507.106267773 3.39196669441e+42
507.354890085 3.41495375099e+42
507.603512396 3.41117641254e+42
507.852134707 3.36499961667e+42
508.100757019 3.27344447512e+42
508.34937933 3.3336486301e+42
508.598001641 3.37828652713e+42
508.846623953 3.32937335538e+42
509.095246264 3.27451271627e+42
509.343868575 3.33005972534e+42
509.592490887 3.29299372819e+42
509.841113198 3.30463085991e+42
510.089735509 3.33849239109e+42
510.338357821 3.2648269394e+42
510.586980132 3.31727985882e+42
510.835602443 3.29539529172e+42
511.084224755 3.29043031491e+42
511.332847066 3.22195120374e+42
511.581469377 3.26668514251e+42
511.830091689 3.30451128737e+42
512.078714 3.18589490039e+42
512.327336312 3.2869088696e+42
512.575958623 3.22228786017e+42
512.824580934 3.22722332837e+42
513.073203246 3.2223671577e+42
513.321825557 3.21368579868e+42
513.570447868 3.23787074969e+42
513.81907018 3.12316962464e+42
514.067692491 3.16846678793e+42
514.316314802 3.19597757903e+42
514.564937114 3.17102125883e+42
514.813559425 3.18605191675e+42
515.062181736 3.20601161576e+42
515.310804048 3.09734224304e+42
515.559426359 3.12817024596e+42
515.80804867 3.13272562242e+42
516.056670982 3.11278826354e+42
516.305293293 3.11505193938e+42
516.553915604 3.07636145461e+42
516.802537916 2.94407125332e+42
517.051160227 3.06925466771e+42
517.299782538 3.05295172645e+42
517.54840485 3.00894217443e+42
517.797027161 3.00861518524e+42
518.045649472 3.00398234052e+42
518.294271784 2.96144388512e+42
518.542894095 2.98878888124e+42
518.791516406 2.99887057348e+42
519.040138718 2.9537868232e+42
519.288761029 2.98776613982e+42
519.53738334 2.95679236951e+42
519.786005652 2.89695155645e+42
520.034627963 2.98612703585e+42
520.283250274 2.90473854105e+42
520.531872586 2.91295364155e+42
520.780494897 2.95589069234e+42
521.029117208 2.88147662923e+42
521.27773952 2.91028640532e+42
521.526361831 2.87786840676e+42
521.774984142 2.8981100145e+42
522.023606454 2.8925902332e+42
522.272228765 2.86289216491e+42
522.520851076 2.85858658007e+42
522.769473388 2.9223270732e+42
523.018095699 2.8155585226e+42
523.26671801 2.81943531601e+42
523.515340322 2.75536082769e+42
523.763962633 2.7607828466e+42
524.012584944 2.79708345514e+42
524.261207256 2.87164854703e+42
524.509829567 2.76162289866e+42
524.758451878 2.73127009555e+42
525.00707419 2.75561146137e+42
525.255696501 2.72151949774e+42
525.504318812 2.75629853829e+42
525.752941124 2.74251378222e+42
526.001563435 2.74637378841e+42
526.250185746 2.69490893764e+42
526.498808058 2.67685934235e+42
526.747430369 2.69189861836e+42
526.99605268 2.68030774793e+42
527.244674992 2.65543604387e+42
527.493297303 2.7416705554e+42
527.741919614 2.69590106873e+42
527.990541926 2.65901694327e+42
528.239164237 2.68389512998e+42
528.487786548 2.66233562747e+42
528.73640886 2.66136592049e+42
528.985031171 2.6466087835e+42
529.233653482 2.66260025471e+42
529.482275794 2.67245929277e+42
529.730898105 2.59900522851e+42
529.979520416 2.63172672065e+42
530.228142728 2.61559365628e+42
530.476765039 2.58946285609e+42
530.72538735 2.6004884461e+42
530.974009662 2.58064960649e+42
531.222631973 2.57117087659e+42
531.471254284 2.56097034477e+42
531.719876596 2.57563125597e+42
531.968498907 2.57423402405e+42
532.217121219 2.54347424426e+42
532.46574353 2.58591774194e+42
532.714365841 2.5666280038e+42
532.962988153 2.58247012982e+42
533.211610464 2.50356225594e+42
533.460232775 2.52945494429e+42
533.708855087 2.46845256024e+42
533.957477398 2.43584472216e+42
534.206099709 2.48360551961e+42
534.454722021 2.54490111944e+42
534.703344332 2.49910948041e+42
534.951966643 2.49557715451e+42
535.200588955 2.50704411096e+42
535.449211266 2.4949565829e+42
535.697833577 2.50095270609e+42
535.946455889 2.41454462454e+42
536.1950782 2.39917788887e+42
536.443700511 2.43910156938e+42
536.692322823 2.40396616208e+42
536.940945134 2.41167952607e+42
537.189567445 2.39088416098e+42
537.438189757 2.41431055239e+42
537.686812068 2.4419233885e+42
537.935434379 2.37404446894e+42
538.184056691 2.35254374436e+42
538.432679002 2.37305110383e+42
538.681301313 2.36554475029e+42
538.929923625 2.38024003386e+42
539.178545936 2.39480983e+42
539.427168247 2.34154599727e+42
539.675790559 2.34190801844e+42
539.92441287 2.3645776075e+42
540.173035181 2.35360970773e+42
540.421657493 2.31942086949e+42
540.670279804 2.33256548883e+42
540.918902115 2.31616574908e+42
541.167524427 2.37395426771e+42
541.416146738 2.34361731974e+42
541.664769049 2.24996810391e+42
541.913391361 2.3216089623e+42
542.162013672 2.2613504533e+42
542.410635983 2.24087800691e+42
542.659258295 2.29849769265e+42
542.907880606 2.2854375499e+42
543.156502917 2.27900298358e+42
543.405125229 2.25032419295e+42
543.65374754 2.29350247181e+42
543.902369851 2.24756513882e+42
544.150992163 2.28619624977e+42
544.399614474 2.23031760163e+42
544.648236785 2.2817959591e+42
544.896859097 2.23989137946e+42
545.145481408 2.23721142889e+42
545.394103719 2.22578768407e+42
545.642726031 2.18795953893e+42
545.891348342 2.23120698877e+42
546.139970653 2.21149705465e+42
546.388592965 2.17936898662e+42
546.637215276 2.21417229776e+42
546.885837587 2.21801571364e+42
547.134459899 2.12679995978e+42
547.38308221 2.15023752587e+42
547.631704521 2.16481333737e+42
547.880326833 2.12821510569e+42
548.128949144 2.16320943966e+42
548.377571455 2.17075008105e+42
548.626193767 2.17476663504e+42
548.874816078 2.15751983002e+42
549.123438389 2.13805225194e+42
549.372060701 2.15262738996e+42
549.620683012 2.17548115912e+42
549.869305323 2.12655523231e+42
550.117927635 2.12056066193e+42
550.366549946 2.12196807035e+42
550.615172257 2.10943828779e+42
550.863794569 2.07982092933e+42
551.11241688 2.10917035319e+42
551.361039191 2.04599073559e+42
551.609661503 2.08702785243e+42
551.858283814 2.05164517947e+42
552.106906126 2.04911805619e+42
552.355528437 2.08835925181e+42
552.604150748 2.03452450047e+42
552.85277306 2.06263006491e+42
553.101395371 2.06253346136e+42
553.350017682 2.09436423616e+42
553.598639994 2.04278780498e+42
553.847262305 2.0158483467e+42
554.095884616 2.04102115703e+42
554.344506928 2.00777100869e+42
554.593129239 2.00685989124e+42
554.84175155 2.04869492705e+42
555.090373862 1.99092261816e+42
555.338996173 2.00004352135e+42
555.587618484 2.04156836968e+42
555.836240796 1.99934471446e+42
556.084863107 1.98350113741e+42
556.333485418 1.98291362626e+42
556.58210773 1.93887092018e+42
556.830730041 1.9749687674e+42
557.079352352 1.96838790838e+42
557.327974664 1.97340016795e+42
557.576596975 1.96999363657e+42
557.825219286 1.99164037263e+42
558.073841598 1.98342189557e+42
558.322463909 1.90563796448e+42
558.57108622 1.9565239063e+42
558.819708532 1.91669871902e+42
559.068330843 1.93424992145e+42
559.316953154 1.95160623743e+42
559.565575466 1.90759410607e+42
559.814197777 1.9230015044e+42
560.062820088 1.90406189494e+42
560.3114424 1.88895707595e+42
560.560064711 1.89574307336e+42
560.808687022 1.90156329398e+42
561.057309334 1.87576497952e+42
561.305931645 1.84885549168e+42
561.554553956 1.86106005235e+42
561.803176268 1.87194597217e+42
562.051798579 1.86597427042e+42
562.30042089 1.83948443569e+42
562.549043202 1.87848187413e+42
562.797665513 1.88672186516e+42
563.046287824 1.83390608784e+42
563.294910136 1.83791721166e+42
563.543532447 1.82993110273e+42
563.792154758 1.8675309497e+42
564.04077707 1.82379662913e+42
564.289399381 1.82179224524e+42
564.538021692 1.84812831205e+42
564.786644004 1.81187634991e+42
565.035266315 1.80211939713e+42
565.283888626 1.80753196876e+42
565.532510938 1.82027821824e+42
565.781133249 1.77656980973e+42
566.02975556 1.78799290767e+42
566.278377872 1.80637763413e+42
566.527000183 1.81785781488e+42
566.775622494 1.80798211278e+42
567.024244806 1.78246150287e+42
567.272867117 1.7342924755e+42
567.521489428 1.76236409708e+42
567.77011174 1.74170367871e+42
568.018734051 1.76341084834e+42
568.267356362 1.7479106691e+42
568.515978674 1.77555258209e+42
568.764600985 1.77861429036e+42
569.013223296 1.75729822575e+42
569.261845608 1.71991650424e+42
569.510467919 1.72618681116e+42
569.75909023 1.75310506361e+42
570.007712542 1.7111441524e+42
570.256334853 1.71163480018e+42
570.504957164 1.74004750899e+42
570.753579476 1.74396555069e+42
571.002201787 1.69193899081e+42
571.250824098 1.71437094591e+42
571.49944641 1.70030561381e+42
571.748068721 1.67519204539e+42
571.996691032 1.67899426357e+42
572.245313344 1.68925372273e+42
572.493935655 1.68726080241e+42
572.742557967 1.68451548224e+42
572.991180278 1.67294431404e+42
573.239802589 1.66339666263e+42
573.488424901 1.63260821519e+42
573.737047212 1.68705955598e+42
573.985669523 1.66024992164e+42
574.234291835 1.62629342211e+42
574.482914146 1.69868172809e+42
574.731536457 1.6159207918e+42
574.980158769 1.6424522353e+42
575.22878108 1.62561985481e+42
575.477403391 1.66640222941e+42
575.726025703 1.61989933827e+42
575.974648014 1.60893782175e+42
576.223270325 1.57845120966e+42
576.471892637 1.62963706252e+42
576.720514948 1.63231634261e+42
576.969137259 1.60006278277e+42
577.217759571 1.59401206311e+42
577.466381882 1.56994498335e+42
577.715004193 1.58423337074e+42
577.963626505 1.55632040072e+42
578.212248816 1.58124027606e+42
578.460871127 1.5580770122e+42
578.709493439 1.57045453817e+42
578.95811575 1.55429814341e+42
579.206738061 1.56406918354e+42
579.455360373 1.58359714223e+42
579.703982684 1.56767083752e+42
579.952604995 1.56802881694e+42
580.201227307 1.50823766717e+42
580.449849618 1.52499569134e+42
580.698471929 1.51828261248e+42
580.947094241 1.53549232347e+42
581.195716552 1.49884940858e+42
581.444338863 1.50729389711e+42
581.692961175 1.54616192091e+42
581.941583486 1.50097331187e+42
582.190205797 1.51419778109e+42
582.438828109 1.49276587884e+42
582.68745042 1.5090789303e+42
582.936072731 1.48475786471e+42
583.184695043 1.46111104215e+42
583.433317354 1.5035020827e+42
583.681939665 1.49319229042e+42
583.930561977 1.4623678363e+42
584.179184288 1.48794038047e+42
584.427806599 1.50947636961e+42
584.676428911 1.50182673769e+42
584.925051222 1.47094046024e+42
585.173673533 1.47203386281e+42
585.422295845 1.4354921138e+42
585.670918156 1.46711588459e+42
585.919540467 1.43282132584e+42
586.168162779 1.45631975602e+42
586.41678509 1.45631112381e+42
586.665407401 1.42681150249e+42
586.914029713 1.43423216793e+42
587.162652024 1.44792196546e+42
587.411274335 1.44572607801e+42
587.659896647 1.40957261936e+42
587.908518958 1.42935538109e+42
588.157141269 1.42760466739e+42
588.405763581 1.44304228965e+42
588.654385892 1.40493938804e+42
588.903008203 1.41077490543e+42
589.151630515 1.41692137992e+42
589.400252826 1.3861240826e+42
589.648875137 1.36294792434e+42
589.897497449 1.38776368124e+42
590.14611976 1.38211022436e+42
590.394742071 1.36827873127e+42
590.643364383 1.36901970453e+42
590.891986694 1.35065178804e+42
591.140609005 1.33503839272e+42
591.389231317 1.36036830627e+42
591.637853628 1.37693627983e+42
591.886475939 1.32028249198e+42
592.135098251 1.35978831141e+42
592.383720562 1.3320022161e+42
592.632342874 1.33486309139e+42
592.880965185 1.36333528374e+42
593.129587496 1.34111807986e+42
593.378209808 1.37484034968e+42
593.626832119 1.32430178135e+42
593.87545443 1.30925921405e+42
594.124076742 1.33849060411e+42
594.372699053 1.33305655137e+42
594.621321364 1.28183702961e+42
594.869943676 1.30887877171e+42
595.118565987 1.31692045054e+42
595.367188298 1.29441418397e+42
595.61581061 1.29273682726e+42
595.864432921 1.30655413791e+42
596.113055232 1.30313326573e+42
596.361677544 1.26768028803e+42
596.610299855 1.29679656892e+42
596.858922166 1.29993438097e+42
597.107544478 1.28317080369e+42
597.356166789 1.28964509741e+42
597.6047891 1.2483394775e+42
597.853411412 1.25704368885e+42
598.102033723 1.22848151582e+42
598.350656034 1.25651156234e+42
598.599278346 1.27339602728e+42
598.847900657 1.23612608431e+42
599.096522968 1.26684707184e+42
599.34514528 1.27405034829e+42
599.593767591 1.26960533278e+42
599.842389902 1.27242870128e+42
600.091012214 1.25183854567e+42
600.339634525 1.25672716236e+42
600.588256836 1.22980349162e+42
600.836879148 1.25636423071e+42
601.085501459 1.23477331041e+42
601.33412377 1.23411190635e+42
601.582746082 1.2060161475e+42
601.831368393 1.22698678919e+42
602.079990704 1.23599253418e+42
602.328613016 1.23015708533e+42
602.577235327 1.24163809622e+42
602.825857638 1.21116259328e+42
603.07447995 1.20185966723e+42
603.323102261 1.19515662465e+42
603.571724572 1.18773268542e+42
603.820346884 1.18377079603e+42
604.068969195 1.18530368923e+42
604.317591506 1.18540099871e+42
604.566213818 1.18931504897e+42
604.814836129 1.13598133939e+42
605.06345844 1.17705758401e+42
605.312080752 1.18486174715e+42
605.560703063 1.15692254828e+42
605.809325374 1.14789065206e+42
606.057947686 1.15185028635e+42
606.306569997 1.14250608459e+42
606.555192308 1.13891282902e+42
606.80381462 1.14756261436e+42
607.052436931 1.14893432372e+42
607.301059242 1.14288285724e+42
607.549681554 1.15133535224e+42
607.798303865 1.14070897731e+42
608.046926176 1.13154008163e+42
608.295548488 1.09528870273e+42
608.544170799 1.12930432626e+42
608.79279311 1.1368684056e+42
609.041415422 1.09163175115e+42
609.290037733 1.11571797766e+42
609.538660044 1.11682088046e+42
609.787282356 1.10912013944e+42
610.035904667 1.1160765816e+42
610.284526978 1.09494241151e+42
610.53314929 1.10692338383e+42
610.781771601 1.09757988891e+42
611.030393912 1.11246990602e+42
611.279016224 1.08573022246e+42
611.527638535 1.09204311795e+42
611.776260846 1.10901316481e+42
612.024883158 1.06222529382e+42
612.273505469 1.08382262052e+42
612.522127781 1.06157567403e+42
612.770750092 1.10221713965e+42
613.019372403 1.08020945489e+42
613.267994715 1.08988472883e+42
613.516617026 1.0496468486e+42
613.765239337 1.08180661338e+42
614.013861649 1.08526846118e+42
614.26248396 1.08129557866e+42
614.511106271 1.06789177593e+42
614.759728583 1.06736971383e+42
615.008350894 1.07536283817e+42
615.256973205 1.07180439485e+42
615.505595517 1.06054980053e+42
615.754217828 1.06378309083e+42
616.002840139 1.04346706115e+42
616.251462451 1.07207894933e+42
616.500084762 1.03702363649e+42
616.748707073 1.05037114586e+42
616.997329385 1.05745936932e+42
617.245951696 1.0310255348e+42
617.494574007 1.03410101196e+42
617.743196319 1.0318124538e+42
617.99181863 1.03560895828e+42
618.240440941 1.03398388669e+42
618.489063253 1.03084216244e+42
618.737685564 1.01666961569e+42
618.986307875 1.00451275116e+42
619.234930187 1.00408877836e+42
619.483552498 1.00919434933e+42
619.732174809 9.9628097786e+41
619.980797121 9.75830029216e+41
620.229419432 1.00663328771e+42
620.478041743 1.00589313432e+42
620.726664055 1.01657908833e+42
620.975286366 9.86258876906e+41
621.223908677 9.96786180119e+41
621.472530989 9.75864351114e+41
621.7211533 9.71442008001e+41
621.969775611 1.00132487248e+42
622.218397923 9.81676097625e+41
622.467020234 9.69104396583e+41
622.715642545 9.69381553456e+41
622.964264857 9.66546770328e+41
623.212887168 9.58878768892e+41
623.461509479 9.59662559261e+41
623.710131791 9.8368911733e+41
623.958754102 9.38702371591e+41
624.207376413 9.4764246493e+41
624.455998725 9.4335780477e+41
624.704621036 9.4066240454e+41
624.953243347 9.46419016192e+41
625.201865659 9.46679064307e+41
625.45048797 9.34703332537e+41
625.699110281 9.20917353687e+41
625.947732593 9.27629846853e+41
626.196354904 9.19840694023e+41
626.444977215 9.26482387693e+41
626.693599527 9.26021335546e+41
626.942221838 9.27313376389e+41
627.190844149 9.02971758231e+41
627.439466461 9.16134073897e+41
627.688088772 9.06974441591e+41
627.936711083 9.05605845969e+41
628.185333395 9.03011817114e+41
628.433955706 9.16841053109e+41
628.682578017 8.92374109874e+41
628.931200329 8.72922174849e+41
629.17982264 8.8415440876e+41
629.428444951 9.14742253984e+41
629.677067263 8.85177963996e+41
629.925689574 8.79889761188e+41
630.174311885 8.80248460421e+41
630.422934197 8.93788364474e+41
630.671556508 8.7967912523e+41
630.920178819 8.71110136881e+41
631.168801131 8.81435179801e+41
631.417423442 8.72568651773e+41
631.666045753 8.70477733278e+41
631.914668065 8.66600194411e+41
632.163290376 8.71099466427e+41
632.411912688 8.47771138123e+41
632.660534999 8.63098442747e+41
632.90915731 8.79478143291e+41
633.157779622 8.50552442619e+41
633.406401933 8.49699863352e+41
633.655024244 8.42726095256e+41
633.903646556 8.40091456665e+41
634.152268867 8.34656152916e+41
634.400891178 8.33189904815e+41
634.64951349 8.41033487182e+41
634.898135801 8.26461267516e+41
635.146758112 8.15692520424e+41
635.395380424 8.16564547476e+41
635.644002735 8.31688628368e+41
635.892625046 8.33589907246e+41
636.141247358 8.37656161383e+41
636.389869669 8.17009769165e+41
636.63849198 8.02826992171e+41
636.887114292 8.24483192612e+41
637.135736603 8.07921699614e+41
637.384358914 8.4431177528e+41
637.632981226 8.2766802098e+41
637.881603537 8.07612070925e+41
638.130225848 8.06943316376e+41
638.37884816 8.0864386438e+41
638.627470471 8.0944538966e+41
638.876092782 8.07270208729e+41
639.124715094 7.94234345476e+41
639.373337405 8.17996151193e+41
639.621959716 7.88167046408e+41
639.870582028 7.96217397343e+41
640.119204339 7.90112559643e+41
640.36782665 8.17926303113e+41
640.616448962 7.78467332625e+41
640.865071273 7.8731160295e+41
641.113693584 7.72726056207e+41
641.362315896 7.92585634713e+41
641.610938207 7.71528166509e+41
641.859560518 7.6259340597e+41
642.10818283 7.72520415011e+41
642.356805141 7.6254070344e+41
642.605427452 7.62308716779e+41
642.854049764 7.6999593273e+41
643.102672075 7.52736594017e+41
643.351294386 7.61067939959e+41
643.599916698 7.60440289469e+41
643.848539009 7.50988599383e+41
644.09716132 7.69654530254e+41
644.345783632 7.58763198494e+41
644.594405943 7.5150813267e+41
644.843028254 7.37377642868e+41
645.091650566 7.47206431959e+41
645.340272877 7.26803726006e+41
645.588895188 7.44956672575e+41
645.8375175 7.40213505353e+41
646.086139811 7.38163904449e+41
646.334762122 7.39068357023e+41
646.583384434 7.35974168244e+41
646.832006745 7.25843327808e+41
647.080629056 7.3393892736e+41
647.329251368 7.12629945367e+41
647.577873679 7.31431014047e+41
647.82649599 7.29826997496e+41
648.075118302 7.16755135073e+41
648.323740613 7.27804332107e+41
648.572362924 7.02914925911e+41
648.820985236 7.14535706516e+41
649.069607547 7.1131847973e+41
649.318229858 7.25598519704e+41
649.56685217 7.08673172816e+41
649.815474481 6.97298954746e+41
650.064096792 7.09891972332e+41
650.312719104 7.0582454507e+41
650.561341415 6.82107973443e+41
650.809963726 6.94924643094e+41
651.058586038 6.99466371519e+41
651.307208349 6.98464395091e+41
651.55583066 6.99102666625e+41
651.804452972 6.7558694978e+41
652.053075283 6.76946188565e+41
652.301697595 6.92254416674e+41
652.550319906 6.66693785421e+41
652.798942217 6.80208015988e+41
653.047564529 6.8693624724e+41
653.29618684 6.81168711011e+41
653.544809151 6.86579322024e+41
653.793431463 6.70324786673e+41
654.042053774 6.7058644786e+41
654.290676085 6.85807676426e+41
654.539298397 6.66720599498e+41
654.787920708 6.74508689868e+41
655.036543019 6.59246885613e+41
655.285165331 6.61981877216e+41
655.533787642 6.72663130732e+41
655.782409953 6.71335493198e+41
656.031032265 6.67058136646e+41
656.279654576 6.75141726667e+41
656.528276887 6.68126985896e+41
656.776899199 6.52336777838e+41
657.02552151 6.66343222144e+41
657.274143821 6.67072293741e+41
657.522766133 6.61199394623e+41
657.771388444 6.4196828361e+41
658.020010755 6.45621649578e+41
658.268633067 6.52728513822e+41
658.517255378 6.36968874093e+41
658.765877689 6.40592690579e+41
659.014500001 6.397789429e+41
659.263122312 6.35245604611e+41
659.511744623 6.44557409217e+41
659.760366935 6.44619442854e+41
660.008989246 6.54242800138e+41
660.257611557 6.30500095397e+41
660.506233869 6.27899243265e+41
660.75485618 6.49883174197e+41
661.003478491 6.31806468256e+41
661.252100803 6.35711364463e+41
661.500723114 6.27321289142e+41
661.749345425 6.46640203599e+41
661.997967737 6.37730343153e+41
662.246590048 6.36961973768e+41
662.495212359 6.20750769156e+41
662.743834671 6.35974749114e+41
662.992456982 6.16024834046e+41
663.241079293 6.23764680301e+41
663.489701605 6.34099325255e+41
663.738323916 6.30356645799e+41
663.986946227 6.21317668764e+41
664.235568539 6.24777212172e+41
664.48419085 6.03625262496e+41
664.732813161 6.14062768243e+41
664.981435473 6.20495187725e+41
665.230057784 6.07185019737e+41
665.478680095 6.11809344406e+41
665.727302407 5.93716029385e+41
665.975924718 5.96150901242e+41
666.224547029 6.00113663977e+41
666.473169341 5.97747597747e+41
666.721791652 5.89878987728e+41
666.970413963 5.90855531786e+41
667.219036275 5.96261601349e+41
667.467658586 5.91340909115e+41
667.716280897 5.97591437797e+41
667.964903209 5.93386567849e+41
668.21352552 5.7444853056e+41
668.462147831 5.87030617537e+41
668.710770143 5.9284884416e+41
668.959392454 5.79946845367e+41
669.208014765 5.74062759751e+41
669.456637077 5.66807457288e+41
669.705259388 5.88222101195e+41
669.953881699 5.66863940495e+41
670.202504011 5.71755178863e+41
670.451126322 5.74325918248e+41
670.699748633 5.6438314007e+41
670.948370945 5.77602089991e+41
671.196993256 5.56154838746e+41
671.445615567 5.62968940079e+41
671.694237879 5.6199944031e+41
671.94286019 5.55435427459e+41
672.191482502 5.69150773383e+41
672.440104813 5.49132005822e+41
672.688727124 5.61280057214e+41
672.937349436 5.49331045323e+41
673.185971747 5.45238989561e+41
673.434594058 5.64662068007e+41
673.68321637 5.49266811904e+41
673.931838681 5.49035944647e+41
674.180460992 5.44340169728e+41
674.429083304 5.41928751651e+41
674.677705615 5.32102089489e+41
674.926327926 5.33453503274e+41
675.174950238 5.33690498568e+41
675.423572549 5.38171224835e+41
675.67219486 5.24271071218e+41
675.920817172 5.25771046718e+41
676.169439483 5.37586455154e+41
676.418061794 5.34379778582e+41
676.666684106 5.23688405475e+41
676.915306417 5.14580612338e+41
677.163928728 5.18125946428e+41
677.41255104 5.28268316506e+41
677.661173351 5.23950981134e+41
677.909795662 5.14181483772e+41
678.158417974 5.13681129997e+41
678.407040285 5.11935427221e+41
678.655662596 5.17941484488e+41
678.904284908 4.96985622429e+41
679.152907219 5.11537548132e+41
679.40152953 5.15622726041e+41
679.650151842 5.03694263007e+41
679.898774153 5.06043816436e+41
680.147396464 5.00004660168e+41
680.396018776 4.97975145155e+41
680.644641087 5.07587084375e+41
680.893263398 4.91145637216e+41
681.14188571 4.98088908918e+41
681.390508021 4.93160213547e+41
681.639130332 4.92186206794e+41
681.887752644 4.86326096693e+41
682.136374955 4.93579483667e+41
682.384997266 4.94706465505e+41
682.633619578 4.93695455878e+41
682.882241889 4.90058243559e+41
683.1308642 4.9142446007e+41
683.379486512 4.86756126587e+41
683.628108823 4.83102320156e+41
683.876731134 4.79209828225e+41
684.125353446 4.7980055134e+41
684.373975757 4.79711608647e+41
684.622598068 4.73896964205e+41
684.87122038 4.6265778062e+41
685.119842691 4.7806715169e+41
685.368465002 4.82368208943e+41
685.617087314 4.79128427716e+41
685.865709625 4.66754095207e+41
686.114331936 4.72357362423e+41
686.362954248 4.68676823021e+41
686.611576559 4.66026243527e+41
686.86019887 4.72383737902e+41
687.108821182 4.64460632589e+41
687.357443493 4.64421053512e+41
687.606065804 4.58267544018e+41
687.854688116 4.60505764982e+41
688.103310427 4.61782358559e+41
688.351932738 4.6595058019e+41
688.60055505 4.57839807382e+41
688.849177361 4.58471155211e+41
689.097799672 4.51727468943e+41
689.346421984 4.58198630842e+41
689.595044295 4.57018021761e+41
689.843666606 4.57172499522e+41
690.092288918 4.62717172813e+41
690.340911229 4.59305608435e+41
690.58953354 4.65413405262e+41
690.838155852 4.49129644618e+41
691.086778163 4.60167019819e+41
691.335400474 4.35305562548e+41
691.584022786 4.50544009561e+41
691.832645097 4.47729524407e+41
692.081267409 4.40672241035e+41
692.32988972 4.60659095783e+41
692.578512031 4.53431606151e+41
692.827134343 4.37300975841e+41
693.075756654 4.46764803197e+41
693.324378965 4.43896515227e+41
693.573001277 4.45002085065e+41
693.821623588 4.52139736874e+41
694.070245899 4.34879095429e+41
694.318868211 4.41072741039e+41
694.567490522 4.41376618035e+41
694.816112833 4.37466490808e+41
695.064735145 4.35064554416e+41
695.313357456 4.40168026461e+41
695.561979767 4.48966869798e+41
695.810602079 4.31799931336e+41
696.05922439 4.37185675672e+41
696.307846701 4.42543256084e+41
696.556469013 4.34586822533e+41
696.805091324 4.32152378866e+41
697.053713635 4.3141257262e+41
697.302335947 4.21328006629e+41
697.550958258 4.20516974326e+41
697.799580569 4.29938717704e+41
698.048202881 4.26030101386e+41
698.296825192 4.21483689027e+41
698.545447503 4.21308793134e+41
698.794069815 4.29210261189e+41
699.042692126 4.20763018955e+41
699.291314437 4.19738370621e+41
699.539936749 4.22883704869e+41
699.78855906 4.13734019948e+41
700.037181371 4.19440914755e+41
700.285803683 4.21100197145e+41
700.534425994 4.13511018783e+41
700.783048305 4.17311206901e+41
701.031670617 4.08160752704e+41
701.280292928 4.06321524576e+41
701.528915239 4.05438912475e+41
701.777537551 4.04510704632e+41
702.026159862 4.02461914606e+41
702.274782173 4.04563979389e+41
702.523404485 3.98413330893e+41
702.772026796 4.10164997662e+41
703.020649107 3.98364253049e+41
703.269271419 4.02924347892e+41
703.51789373 3.95943135261e+41
703.766516041 3.95998138265e+41
704.015138353 3.93611237599e+41
704.263760664 3.86323916136e+41
704.512382975 3.95581919535e+41
704.761005287 3.98810702872e+41
705.009627598 3.93276336973e+41
705.258249909 3.83072482414e+41
705.506872221 3.91012837141e+41
705.755494532 3.92248639269e+41
706.004116843 3.91542821961e+41
706.252739155 3.88634819781e+41
706.501361466 3.86513982024e+41
706.749983777 3.98761108927e+41
706.998606089 3.8446740762e+41
707.2472284 3.8981701205e+41
707.495850711 3.88651489705e+41
707.744473023 3.82765718354e+41
707.993095334 3.75871613368e+41
708.241717645 3.82706844027e+41
708.490339957 3.79433007998e+41
708.738962268 3.68704365598e+41
708.987584579 3.75232002886e+41
709.236206891 3.77951812062e+41
709.484829202 3.76154178947e+41
709.733451513 3.6478679065e+41
709.982073825 3.7044243328e+41
710.230696136 3.74838544205e+41
710.479318447 3.66881920359e+41
710.727940759 3.71192144611e+41
710.97656307 3.68152253919e+41
711.225185381 3.61479883912e+41
711.473807693 3.68887839091e+41
711.722430004 3.62799704075e+41
711.971052316 3.64336857303e+41
712.219674627 3.63174759475e+41
712.468296938 3.60445694273e+41
712.71691925 3.63060781965e+41
712.965541561 3.57753751491e+41
713.214163872 3.61442087808e+41
713.462786184 3.52653424008e+41
713.711408495 3.50619062015e+41
713.960030806 3.58279179166e+41
714.208653118 3.56852133761e+41
714.457275429 3.55338441569e+41
714.70589774 3.512803335e+41
714.954520052 3.55038503262e+41
715.203142363 3.49944813208e+41
715.451764674 3.55349100205e+41
715.700386986 3.5012155552e+41
715.949009297 3.48573642154e+41
716.197631608 3.43291963117e+41
716.44625392 3.41578640011e+41
716.694876231 3.4232833352e+41
716.943498542 3.49601051744e+41
717.192120854 3.4803610569e+41
717.440743165 3.42722262744e+41
717.689365476 3.42191814791e+41
717.937987788 3.44428264409e+41
718.186610099 3.43283857995e+41
718.43523241 3.38055250562e+41
718.683854722 3.34419554963e+41
718.932477033 3.40160691776e+41
719.181099344 3.3628358935e+41
719.429721656 3.38767917521e+41
719.678343967 3.35298433496e+41
719.926966278 3.33739910676e+41
720.17558859 3.27718031742e+41
720.424210901 3.25408333471e+41
720.672833212 3.29446746222e+41
720.921455524 3.24392245878e+41
721.170077835 3.41688903021e+41
721.418700146 3.26692125369e+41
721.667322458 3.33208131834e+41
721.915944769 3.24323235603e+41
722.16456708 3.28252007754e+41
722.413189392 3.28930707621e+41
722.661811703 3.21332585174e+41
722.910434014 3.24225114417e+41
723.159056326 3.21340655358e+41
723.407678637 3.25172249719e+41
723.656300948 3.16380183342e+41
723.90492326 3.17948114585e+41
724.153545571 3.09868831294e+41
724.402167882 3.15346408427e+41
724.650790194 3.09653708255e+41
724.899412505 3.08130351208e+41
725.148034816 3.10729869431e+41
725.396657128 3.19035517228e+41
725.645279439 3.11184752426e+41
725.89390175 3.13471139896e+41
726.142524062 3.05877813876e+41
726.391146373 3.06038476954e+41
726.639768684 3.00344037207e+41
726.888390996 3.06412147873e+41
727.137013307 2.97604507991e+41
727.385635618 2.99772266895e+41
727.63425793 3.0282741793e+41
727.882880241 2.96484595662e+41
728.131502552 2.99663096649e+41
728.380124864 2.99447628115e+41
728.628747175 2.99308904395e+41
728.877369486 3.00151354378e+41
729.125991798 3.01596776748e+41
729.374614109 2.95522651773e+41
729.62323642 2.92948253666e+41
729.871858732 3.02000519481e+41
730.120481043 2.99764348951e+41
730.369103354 2.98936496562e+41
730.617725666 2.98863407086e+41
730.866347977 2.95012060771e+41
731.114970288 2.89463591514e+41
731.3635926 2.94227116756e+41
731.612214911 2.96743494694e+41
731.860837223 2.9286561721e+41
732.109459534 2.82788430921e+41
732.358081845 2.95707011836e+41
732.606704157 2.81570385356e+41
732.855326468 2.90255578821e+41
733.103948779 2.84854334388e+41
733.352571091 2.87521422899e+41
733.601193402 2.88961903631e+41
733.849815713 2.82636376643e+41
734.098438025 2.85857359666e+41
734.347060336 2.78928416063e+41
734.595682647 2.75327468439e+41
734.844304959 2.77842006707e+41
735.09292727 2.79540832367e+41
735.341549581 2.83602844521e+41
735.590171893 2.78886122848e+41
735.838794204 2.79001659444e+41
736.087416515 2.75725196195e+41
736.336038827 2.701904826e+41
736.584661138 2.76737201843e+41
736.833283449 2.72907924913e+41
737.081905761 2.75002772064e+41
737.330528072 2.73136493234e+41
737.579150383 2.72175659296e+41
737.827772695 2.71610749229e+41
738.076395006 2.76950333112e+41
738.325017317 2.83495506218e+41
738.573639629 2.66987812579e+41
738.82226194 2.74675269223e+41
739.070884251 2.64700166234e+41
739.319506563 2.72393516508e+41
739.568128874 2.72816706506e+41
739.816751185 2.71336146287e+41
740.065373497 2.74202166853e+41
740.313995808 2.72192543121e+41
740.562618119 2.70643323418e+41
740.811240431 2.69065520883e+41
741.059862742 2.67762971283e+41
741.308485053 2.69084557549e+41
741.557107365 2.63414641376e+41
741.805729676 2.73137772447e+41
742.054351987 2.69595548274e+41
742.302974299 2.66805793015e+41
742.55159661 2.61531564711e+41
742.800218921 2.58579812827e+41
743.048841233 2.62921936231e+41
743.297463544 2.63038209015e+41
743.546085855 2.59856561176e+41
743.794708167 2.64417019961e+41
744.043330478 2.63842750479e+41
744.291952789 2.64159608818e+41
744.540575101 2.60004948247e+41
744.789197412 2.63428378728e+41
745.037819723 2.6396027704e+41
745.286442035 2.63234362743e+41
745.535064346 2.62914236556e+41
745.783686657 2.5350714191e+41
746.032308969 2.54193873906e+41
746.28093128 2.60677668509e+41
746.529553591 2.56832688231e+41
746.778175903 2.60495198592e+41
747.026798214 2.58202725074e+41
747.275420525 2.56150669739e+41
747.524042837 2.57064374956e+41
747.772665148 2.54165286828e+41
748.021287459 2.60804123274e+41
748.269909771 2.58145166136e+41
748.518532082 2.54461884389e+41
748.767154393 2.48097736705e+41
749.015776705 2.49499534515e+41
749.264399016 2.56476842607e+41
749.513021327 2.52171331939e+41
749.761643639 2.46385222718e+41
750.01026595 2.49397476171e+41
750.258888261 2.46186137596e+41
750.507510573 2.50518860776e+41
750.756132884 2.43038892558e+41
751.004755195 2.48559591441e+41
751.253377507 2.46830979543e+41
751.501999818 2.45229394441e+41
751.75062213 2.46776455093e+41
751.999244441 2.47139005728e+41
752.247866752 2.44573307532e+41
752.496489064 2.40166755065e+41
752.745111375 2.4351504716e+41
752.993733686 2.36710167289e+41
753.242355998 2.42913463932e+41
753.490978309 2.40640356615e+41
753.73960062 2.39772694036e+41
753.988222932 2.43259865614e+41
754.236845243 2.31236664981e+41
754.485467554 2.41066100599e+41
754.734089866 2.35496449435e+41
754.982712177 2.34137952984e+41
755.231334488 2.34368154836e+41
755.4799568 2.34496706588e+41
755.728579111 2.36306355544e+41
755.977201422 2.3481831482e+41
756.225823734 2.32199252209e+41
756.474446045 2.37381734654e+41
756.723068356 2.28748256036e+41
756.971690668 2.34248700442e+41
757.220312979 2.34103231654e+41
757.46893529 2.36380668727e+41
757.717557602 2.30539782741e+41
757.966179913 2.27313729544e+41
758.214802224 2.22421685963e+41
758.463424536 2.27320304268e+41
758.712046847 2.28362311063e+41
758.960669158 2.22909358048e+41
759.20929147 2.25480074807e+41
759.457913781 2.21661352998e+41
759.706536092 2.19745559038e+41
759.955158404 2.17832403028e+41
760.203780715 2.22231553835e+41
760.452403026 2.23421287229e+41
760.701025338 2.21315956148e+41
760.949647649 2.19485359692e+41
761.19826996 2.23859800588e+41
761.446892272 2.15319498622e+41
761.695514583 2.13411470644e+41
761.944136894 2.13427279591e+41
762.192759206 2.17776619253e+41
762.441381517 2.11007659051e+41
762.690003828 2.15604988074e+41
762.93862614 2.14942500365e+41
763.187248451 2.10416586673e+41
763.435870762 2.08077805661e+41
763.684493074 2.10284379807e+41
763.933115385 2.05112841578e+41
764.181737696 2.1144432055e+41
764.430360008 2.0952316136e+41
764.678982319 2.03631657443e+41
764.92760463 1.99106156351e+41
765.176226942 2.08176895826e+41
765.424849253 2.06728444516e+41
765.673471564 2.07479403186e+41
765.922093876 2.04947604166e+41
766.170716187 1.9930858855e+41
766.419338498 1.97333904578e+41
766.66796081 2.03946091487e+41
766.916583121 1.97933759743e+41
767.165205432 1.94452408469e+41
767.413827744 1.97050484583e+41
767.662450055 1.97387064193e+41
767.911072366 1.97276490263e+41
768.159694678 1.95238266881e+41
768.408316989 1.95865153462e+41
768.6569393 1.96071605149e+41
768.905561612 1.92301689628e+41
769.154183923 1.96312667256e+41
769.402806234 1.95599278299e+41
769.651428546 1.92141855181e+41
769.900050857 1.8915456953e+41
770.148673168 1.89598412534e+41
