0.00295138888889 6.471299198e+38
0.130902039931 1.78168362e+37
0.380900564236 3.5592158486e+38
0.630899088542 3.4512652083e+38
0.880897612847 8.11137452667e+38
1.13089613715 3.32294415328e+39
1.38089466146 2.62233712354e+39
1.63089318576 1.30133442466e+40
1.88089171007 1.07287500949e+40
2.13089023438 2.18354829583e+40
2.38088875868 4.03214827835e+40
2.63088728299 3.22355521181e+40
2.88088580729 4.31468010689e+40
3.1308843316 7.41435153917e+40
3.3808828559 8.09524872295e+40
3.63088138021 1.31537160272e+41
3.88087990451 2.61376361351e+41
4.13087842882 2.76812501457e+41
4.38087695313 2.73701004977e+41
4.63087547743 3.06369786993e+41
4.88087400174 4.2898624378e+41
5.13087252604 4.37375426271e+41
5.38087105035 5.93220094492e+41
5.63086957465 8.16847570421e+41
5.88086809896 7.93654935698e+41
6.13086662326 8.71364912708e+41
6.38086514757 8.48335640881e+41
6.63086367187 7.23552232881e+41
6.88086219618 8.30754392936e+41
7.13086072049 7.19264082623e+41
7.38085924479 7.34290730149e+41
7.6308577691 8.57095144985e+41
7.8808562934 6.38867370201e+41
8.13085481771 5.37496928083e+41
8.38085334201 4.8040050817e+41
8.63085186632 5.43800349149e+41
8.88085039062 6.47580299134e+41
9.13084891493 7.24630583605e+41
9.38084743924 6.10225493102e+41
9.63084596354 7.52476458311e+41
9.88084448785 8.83173331117e+41
10.1308430122 1.00079316131e+42
10.3808415365 9.24115091917e+41
10.6308400608 7.97059477026e+41
10.8808385851 8.12459774046e+41
11.1308371094 1.00569773248e+42
11.3808356337 1.04312185035e+42
11.630834158 1.08411466943e+42
11.8808326823 1.09442084491e+42
12.1308312066 9.54716314801e+41
12.3808297309 6.12245300421e+41
12.6308282552 6.0942196539e+41
12.8808267795 5.62744259337e+41
13.1308253038 4.38459993689e+41
13.3808238281 5.95231906445e+41
13.6308223524 7.66026643439e+41
13.8808208767 7.81421676615e+41
14.130819401 9.26162347948e+41
14.3808179253 1.09741937241e+42
14.6308164497 1.20958538292e+42
14.880814974 1.24369321089e+42
15.1308134983 1.08768456762e+42
15.3808120226 1.01430917049e+42
15.6308105469 1.00377502167e+42
15.8808090712 1.19213002466e+42
16.1308075955 9.28634527208e+41
16.3808061198 9.30614357054e+41
16.6308046441 7.68519215551e+41
16.8808031684 6.53372822748e+41
17.1308016927 1.0109461179e+42
17.380800217 9.94024460119e+41
17.6307987413 8.62319308874e+41
17.8807972656 1.04104629305e+42
18.1307957899 1.08420222129e+42
18.3807943142 1.15508778349e+42
18.6307928385 1.02462490123e+42
18.8807913628 1.11398262191e+42
19.1307898872 1.06323547481e+42
19.3807884115 1.02140524223e+42
19.6307869358 1.11690346598e+42
19.8807854601 1.14691386459e+42
20.1307839844 9.49087791811e+41
20.3807825087 8.536558609e+41
20.630781033 9.26029987496e+41
20.8807795573 1.14478001223e+42
21.1307780816 1.19881602187e+42
21.3807766059 1.00152428905e+42
21.6307751302 9.13243459883e+41
21.8807736545 1.02975907311e+42
22.1307721788 1.27310402508e+42
22.3807707031 1.1014762072e+42
22.6307692274 1.13386665995e+42
22.8807677517 1.06818585694e+42
23.130766276 1.12674020683e+42
23.3807648003 1.06380437623e+42
23.6307633247 1.01645618994e+42
23.880761849 9.87555263412e+41
24.1307603733 9.11009004298e+41
24.3807588976 1.05071065279e+42
24.6307574219 1.04129486618e+42
24.8807559462 1.0472966605e+42
25.1307544705 1.30208187894e+42
25.3807529948 1.3011056139e+42
25.6307515191 1.24558153237e+42
25.8807500434 1.11514320187e+42
26.1307485677 1.10729841867e+42
26.380747092 1.22621823649e+42
26.6307456163 1.24083209589e+42
26.8807441406 1.2449689254e+42
27.1307426649 1.26123756386e+42
27.3807411892 1.13564918949e+42
27.6307397135 1.27409763631e+42
27.8807382378 1.34196148273e+42
28.1307367622 1.33548537022e+42
28.3807352865 1.36800279043e+42
28.6307338108 1.23081248486e+42
28.8807323351 1.25189659416e+42
29.1307308594 1.53226946354e+42
29.3807293837 1.45171532055e+42
29.630727908 1.50566455673e+42
29.8807264323 1.6687543705e+42
30.1307249566 1.3571051236e+42
30.3807234809 1.5720111402e+42
30.6307220052 1.63576873371e+42
30.8807205295 1.8198229586e+42
31.1307190538 1.35881862268e+42
31.3807175781 1.31047860814e+42
31.6307161024 1.2957736277e+42
31.8807146267 1.27965783621e+42
32.130713151 1.76987242673e+42
32.3807116753 2.01959722382e+42
32.6307101997 1.86515959066e+42
32.880708724 2.19943601859e+42
33.1307072483 1.99125606337e+42
33.3807057726 2.27293530706e+42
33.6307042969 2.01600317073e+42
33.8807028212 2.22954857789e+42
34.1307013455 2.19936132371e+42
34.3806998698 2.88732516121e+42
34.6306983941 2.40494628483e+42
34.8806969184 2.55733555937e+42
35.1306954427 3.02516638943e+42
35.380693967 2.99602017849e+42
35.6306924913 3.22881347501e+42
35.8806910156 2.89852743345e+42
36.1306895399 2.48375684512e+42
36.3806880642 2.7338961092e+42
36.6306865885 2.81012861683e+42
36.8806851128 2.5498699964e+42
37.1306836372 2.75295962003e+42
37.3806821615 3.06992915061e+42
37.6306806858 3.34416237867e+42
37.8806792101 3.6250704373e+42
38.1306777344 3.25922335345e+42
38.3806762587 3.31683684045e+42
38.630674783 3.31935915899e+42
38.8806733073 2.92817254695e+42
39.1306718316 2.4315949311e+42
39.3806703559 2.97635271832e+42
39.6306688802 3.10041774978e+42
39.8806674045 3.60909409822e+42
40.1306659288 3.91871619266e+42
40.3806644531 3.73916405024e+42
40.6306629774 4.03995295794e+42
40.8806615017 4.5070622461e+42
41.130660026 4.86622739528e+42
41.3806585503 4.79445728483e+42
41.6306570747 5.36911873357e+42
41.880655599 4.91537847184e+42
42.1306541233 5.10655730275e+42
42.3806526476 6.059022322e+42
42.6306511719 5.92781809406e+42
42.8806496962 5.4231083772e+42
43.1306482205 5.18025965428e+42
43.3806467448 5.01190189904e+42
43.6306452691 5.30715811667e+42
43.8806437934 4.51216209219e+42
44.1306423177 5.25876290823e+42
44.380640842 5.40222930823e+42
44.6306393663 5.11127863441e+42
44.8806378906 5.76432541788e+42
45.1306364149 6.07691946734e+42
45.3806349392 6.35040836483e+42
45.6306334635 5.77169504576e+42
45.8806319878 6.47561940134e+42
46.1306305122 6.97258533268e+42
46.3806290365 6.74151505512e+42
46.6306275608 6.47599214371e+42
46.8806260851 7.10754178668e+42
47.1306246094 7.37999372038e+42
47.3806231337 7.49354600115e+42
47.630621658 7.30080602097e+42
47.8806201823 7.51744279862e+42
48.1306187066 7.60093960809e+42
48.3806172309 7.41072602413e+42
48.6306157552 7.55724954044e+42
48.8806142795 8.29443241953e+42
49.1306128038 8.7707895721e+42
49.3806113281 8.64889751012e+42
49.6306098524 8.48253185448e+42
49.8806083767 8.28128967487e+42
50.130606901 8.05660212025e+42
50.3806054253 7.67619106207e+42
50.6306039497 8.64636811143e+42
50.880602474 8.22311069947e+42
51.1306009983 9.18913042757e+42
51.3805995226 9.6481901601e+42
51.6305980469 1.0004307617e+43
51.8805965712 1.05770766702e+43
52.1305950955 1.00321743228e+43
52.3805936198 1.05179201491e+43
52.6305921441 1.09681616839e+43
52.8805906684 1.07697163236e+43
53.1305891927 1.187202575e+43
53.380587717 1.21503693656e+43
53.6305862413 1.2921345969e+43
53.8805847656 1.29110479318e+43
54.1305832899 1.33536355271e+43
54.3805818142 1.35091449634e+43
54.6305803385 1.29807110549e+43
54.8805788628 1.33236701594e+43
55.1305773872 1.35700210119e+43
55.3805759115 1.28491475759e+43
55.6305744358 1.37428201184e+43
55.8805729601 1.37812442725e+43
56.1305714844 1.39830718259e+43
56.3805700087 1.43894671202e+43
56.630568533 1.37252716059e+43
56.8805670573 1.49405256344e+43
57.1305655816 1.41535191799e+43
57.3805641059 1.49717550252e+43
57.6305626302 1.53039121395e+43
57.8805611545 1.53952780681e+43
58.1305596788 1.52855628994e+43
58.3805582031 1.67025097511e+43
58.6305567274 1.53859437815e+43
58.8805552517 1.70283682822e+43
59.130553776 1.67562474147e+43
59.3805523003 1.6888977351e+43
59.6305508247 1.65405365141e+43
59.880549349 1.69003926733e+43
60.1305478733 1.69654162427e+43
60.3805463976 1.77100649304e+43
60.6305449219 1.80104508399e+43
60.8805434462 1.80201399707e+43
61.1305419705 1.78930611421e+43
61.3805404948 1.96791008671e+43
61.6305390191 1.81914173193e+43
61.8805375434 1.82960300016e+43
62.1305360677 1.85380878245e+43
62.380534592 1.81705914432e+43
62.6305331163 1.956527864e+43
62.8805316406 1.89855093374e+43
63.1305301649 1.96509524661e+43
63.3805286892 1.82710844963e+43
63.6305272135 2.05231314181e+43
63.8805257378 1.95454162636e+43
64.1305242622 2.10926587728e+43
64.3805227865 2.05118773564e+43
64.6305213108 2.12810851147e+43
64.8805198351 2.22815317106e+43
65.1305183594 2.28519313926e+43
65.3805168837 2.18337001481e+43
65.630515408 2.30923558061e+43
65.8805139323 2.4247195701e+43
66.1305124566 2.20953686748e+43
66.3805109809 2.27673446434e+43
66.6305095052 2.33605058126e+43
66.8805080295 2.51260485064e+43
67.1305065538 2.23558399191e+43
67.3805050781 2.31637114357e+43
67.6305036024 2.20509129096e+43
67.8805021267 2.35104130808e+43
68.130500651 2.33707361038e+43
68.3804991753 2.41556106224e+43
68.6304976997 2.38225705662e+43
68.880496224 2.55199971191e+43
69.1304947483 2.32166502403e+43
69.3804932726 2.49563735776e+43
69.6304917969 2.49877531015e+43
69.8804903212 2.63916168607e+43
70.1304888455 2.54606905385e+43
70.3804873698 2.74245613493e+43
70.6304858941 2.71867652063e+43
70.8804844184 2.83500769638e+43
71.1304829427 2.93124222588e+43
71.380481467 2.92259326702e+43
71.6304799913 3.03803147298e+43
71.8804785156 3.07086559304e+43
72.1304770399 3.1582125864e+43
72.3804755642 3.09951618036e+43
72.6304740885 3.22481709755e+43
72.8804726128 3.25885951107e+43
73.1304711372 3.31929646994e+43
73.3804696615 3.13771363924e+43
73.6304681858 3.30007284983e+43
73.8804667101 3.32263986213e+43
74.1304652344 3.29577084115e+43
74.3804637587 3.43590428216e+43
74.630462283 3.33799650268e+43
74.8804608073 3.46712155518e+43
75.1304593316 3.39409935352e+43
75.3804578559 3.58791673321e+43
75.6304563802 3.4746146901e+43
75.8804549045 3.64343408296e+43
76.1304534288 3.80541876485e+43
76.3804519531 3.74403466527e+43
76.6304504774 3.88350078693e+43
76.8804490017 3.89787765469e+43
77.130447526 3.81744149885e+43
77.3804460503 3.85056669467e+43
77.6304445747 3.74691075516e+43
77.880443099 3.71962349664e+43
78.1304416233 3.97400946242e+43
78.3804401476 3.8877014665e+43
78.6304386719 4.0204339296e+43
78.8804371962 4.15789578816e+43
79.1304357205 4.10108340564e+43
79.3804342448 3.90054951381e+43
79.6304327691 4.03009061691e+43
79.8804312934 4.2411267486e+43
80.1304298177 4.32731612977e+43
80.380428342 4.15000065811e+43
80.6304268663 4.22959325201e+43
80.8804253906 4.42395015133e+43
81.1304239149 4.41185760008e+43
81.3804224392 4.44654179786e+43
81.6304209635 4.60974173046e+43
81.8804194878 4.65561349219e+43
82.1304180122 4.43953132473e+43
82.3804165365 4.73723608125e+43
82.6304150608 4.81567114474e+43
82.8804135851 4.64416422636e+43
83.1304121094 4.90643658061e+43
83.3804106337 4.78677702659e+43
83.630409158 4.92180493865e+43
83.8804076823 5.02507800107e+43
84.1304062066 5.05317082876e+43
84.3804047309 5.07868651973e+43
84.6304032552 5.24595290064e+43
84.8804017795 5.04221650823e+43
85.1304003038 5.14585026123e+43
85.3803988281 5.23240033656e+43
85.6303973524 5.21014080118e+43
85.8803958767 5.14208280688e+43
86.130394401 5.36986095784e+43
86.3803929253 5.49292155873e+43
86.6303914497 5.54976526365e+43
86.880389974 5.69703953336e+43
87.1303884983 5.59458440981e+43
87.3803870226 5.74890641802e+43
87.6303855469 5.63208444574e+43
87.8803840712 5.83512536524e+43
88.1303825955 5.77021881577e+43
88.3803811198 6.12616635315e+43
88.6303796441 5.91913693617e+43
88.8803781684 6.12632853892e+43
89.1303766927 6.3833166444e+43
89.380375217 6.2332508323e+43
89.6303737413 6.10833847428e+43
89.8803722656 6.48060351514e+43
90.1303707899 6.66243744808e+43
90.3803693142 6.54618833851e+43
90.6303678385 6.60398724456e+43
90.8803663628 6.74736788254e+43
91.1303648872 6.70740312504e+43
91.3803634115 6.80854366189e+43
91.6303619358 6.72696559835e+43
91.8803604601 6.96893857291e+43
92.1303589844 6.74597500215e+43
92.3803575087 7.07998124058e+43
92.630356033 7.00139122945e+43
92.8803545573 6.8324329037e+43
93.1303530816 7.10939201538e+43
93.3803516059 7.29964271787e+43
93.6303501302 7.17982748917e+43
93.8803486545 7.4364164411e+43
94.1303471788 7.33566108748e+43
94.3803457031 7.39981333137e+43
94.6303442274 7.40553217725e+43
94.8803427517 7.79150234399e+43
95.130341276 7.59917549348e+43
95.3803398003 7.36285231151e+43
95.6303383247 7.5772262062e+43
95.880336849 7.48988751688e+43
96.1303353733 7.71907906545e+43
96.3803338976 7.84149347395e+43
96.6303324219 7.89772235337e+43
96.8803309462 7.79908823683e+43
97.1303294705 7.94771647085e+43
97.3803279948 7.8135301467e+43
97.6303265191 7.92548547521e+43
97.8803250434 8.0040394224e+43
98.1303235677 8.12606999523e+43
98.380322092 8.24219562576e+43
98.6303206163 8.19788268348e+43
98.8803191406 8.31855465766e+43
99.1303176649 8.20772235177e+43
99.3803161892 8.32551278239e+43
99.6303147135 8.65345871024e+43
99.8803132378 8.33294515823e+43
100.130311762 8.29636146645e+43
100.380310286 8.58467349508e+43
100.630308811 8.65718067676e+43
100.880307335 8.70233807872e+43
101.130305859 8.89331903971e+43
101.380304384 8.81218740378e+43
101.630302908 8.88545334916e+43
101.880301432 8.77687515029e+43
102.130299957 8.79867395122e+43
102.380298481 9.0660683748e+43
102.630297005 9.06380360577e+43
102.88029553 9.07046718343e+43
103.130294054 9.29131825017e+43
103.380292578 9.16156263486e+43
103.630291102 9.4342894957e+43
103.880289627 9.34062773888e+43
104.130288151 9.41546168471e+43
104.380286675 9.68603993346e+43
104.6302852 9.59446993747e+43
104.880283724 9.54385635592e+43
105.130282248 9.43534541066e+43
105.380280773 9.62977781925e+43
105.630279297 9.64755668601e+43
105.880277821 9.54766870388e+43
106.130276345 9.80562758236e+43
106.38027487 9.8405947342e+43
106.630273394 9.91049971239e+43
106.880271918 9.77108366359e+43
107.130270443 9.61105734747e+43
107.380268967 1.01180793425e+44
107.630267491 9.79327058683e+43
107.880266016 1.00681867376e+44
108.13026454 1.00053644113e+44
108.380263064 1.04215738635e+44
108.630261589 9.90069037163e+43
108.880260113 1.01575007488e+44
109.130258637 1.03380582791e+44
109.380257161 1.07504490494e+44
109.630255686 1.06689733543e+44
109.88025421 1.06354252987e+44
110.130252734 1.03663020334e+44
110.380251259 1.046176944e+44
110.630249783 1.04886959745e+44
110.880248307 1.0804553589e+44
111.130246832 1.07731060819e+44
111.380245356 1.07075707109e+44
111.63024388 1.10245221717e+44
111.880242405 1.06248454117e+44
112.130240929 1.09193196422e+44
112.380239453 1.12014848646e+44
112.630237977 1.0803156517e+44
112.880236502 1.15845274009e+44
113.130235026 1.12195815517e+44
113.38023355 1.11617094091e+44
113.630232075 1.1422431876e+44
113.880230599 1.14278436772e+44
114.130229123 1.14082876603e+44
114.380227648 1.13433686733e+44
114.630226172 1.13606253507e+44
114.880224696 1.15511474388e+44
115.13022322 1.14885803064e+44
115.380221745 1.14764021214e+44
115.630220269 1.17038594941e+44
115.880218793 1.19364302653e+44
116.130217318 1.19423944874e+44
116.380215842 1.16695524849e+44
116.630214366 1.19426993735e+44
116.880212891 1.19452934337e+44
117.130211415 1.1973225117e+44
117.380209939 1.24637172657e+44
117.630208464 1.21119967809e+44
117.880206988 1.2225088083e+44
118.130205512 1.23628362161e+44
118.380204036 1.23022369365e+44
118.630202561 1.26358131852e+44
118.880201085 1.26493882605e+44
119.130199609 1.29397131025e+44
119.380198134 1.23843039938e+44
119.630196658 1.26754038559e+44
119.880195182 1.24817130536e+44
120.130193707 1.26362891604e+44
120.380192231 1.3086909885e+44
120.630190755 1.27073937552e+44
120.88018928 1.32298769299e+44
121.130187804 1.33042338453e+44
121.380186328 1.30397630548e+44
121.630184852 1.33708733353e+44
121.880183377 1.31642004676e+44
122.130181901 1.3190832261e+44
122.380180425 1.34596667412e+44
122.63017895 1.3500967731e+44
122.880177474 1.34759197097e+44
123.130175998 1.3612270956e+44
123.380174523 1.34496421717e+44
123.630173047 1.33521347596e+44
123.880171571 1.36770423054e+44
124.130170095 1.34471348431e+44
124.38016862 1.38659109734e+44
124.630167144 1.35429985351e+44
124.880165668 1.37994874459e+44
125.130164193 1.39080746104e+44
125.380162717 1.41443071385e+44
125.630161241 1.39102643912e+44
125.880159766 1.39026864376e+44
126.13015829 1.41020705942e+44
126.380156814 1.40599905061e+44
126.630155339 1.39882089425e+44
126.880153863 1.44311900526e+44
127.130152387 1.45629115521e+44
127.380150911 1.44162198652e+44
127.630149436 1.4161733954e+44
127.88014796 1.44651406917e+44
128.130146484 1.43649574482e+44
128.380145009 1.46040786586e+44
128.630143533 1.42903342232e+44
128.880142057 1.43904011358e+44
129.130140582 1.46798199445e+44
129.380139106 1.44728421445e+44
129.63013763 1.44571989823e+44
129.880136155 1.46340178749e+44
130.130134679 1.46458525426e+44
130.380133203 1.46074616152e+44
130.630131727 1.48861035099e+44
130.880130252 1.46975155606e+44
131.130128776 1.50459683239e+44
131.3801273 1.49590077708e+44
131.630125825 1.50559877825e+44
131.880124349 1.50029615636e+44
132.130122873 1.487461324e+44
132.380121398 1.51153253331e+44
132.630119922 1.5011580192e+44
132.880118446 1.52008564238e+44
133.13011697 1.51051756189e+44
133.380115495 1.52936115443e+44
133.630114019 1.52448015914e+44
133.880112543 1.50492497768e+44
134.130111068 1.52055551978e+44
134.380109592 1.52662377806e+44
134.630108116 1.5447780068e+44
134.880106641 1.56355182546e+44
135.130105165 1.54553897632e+44
135.380103689 1.56430645774e+44
135.630102214 1.53392274403e+44
135.880100738 1.55814847203e+44
136.130099262 1.56535871177e+44
136.380097786 1.54224519768e+44
136.630096311 1.57633037612e+44
136.880094835 1.58665443416e+44
137.130093359 1.60734655679e+44
137.380091884 1.5975536387e+44
137.630090408 1.58898337881e+44
137.880088932 1.61547759403e+44
138.130087457 1.61755037302e+44
138.380085981 1.63317062565e+44
138.630084505 1.59771738218e+44
138.88008303 1.63126334068e+44
139.130081554 1.64010974501e+44
139.380080078 1.61394755421e+44
139.630078602 1.61995205505e+44
139.880077127 1.62288779307e+44
140.130075651 1.62766285588e+44
140.380074175 1.6305684871e+44
140.6300727 1.61669421077e+44
140.880071224 1.64720257581e+44
141.130069748 1.621442631e+44
141.380068273 1.63379210404e+44
141.630066797 1.6565357483e+44
141.880065321 1.65251993867e+44
142.130063845 1.66356401007e+44
142.38006237 1.65086961911e+44
142.630060894 1.6798465787e+44
142.880059418 1.69290787154e+44
143.130057943 1.65160778874e+44
143.380056467 1.66226345244e+44
143.630054991 1.67500400123e+44
143.880053516 1.68618169758e+44
144.13005204 1.68046093363e+44
144.380050564 1.70503891439e+44
144.630049089 1.70093428236e+44
144.880047613 1.70047055948e+44
145.130046137 1.68085357089e+44
145.380044661 1.68127150646e+44
145.630043186 1.70773518736e+44
145.88004171 1.71166437652e+44
146.130040234 1.70113868574e+44
146.380038759 1.70010402898e+44
146.630037283 1.71057985293e+44
146.880035807 1.70946972173e+44
147.130034332 1.69566886803e+44
147.380032856 1.68500702306e+44
147.63003138 1.75869133085e+44
147.880029905 1.70703448618e+44
148.130028429 1.73423698601e+44
148.380026953 1.7285938966e+44
148.630025477 1.72285983214e+44
148.880024002 1.7071277167e+44
149.130022526 1.70794566953e+44
149.38002105 1.75572061016e+44
149.630019575 1.74091871502e+44
149.880018099 1.73519410338e+44
150.130016623 1.70853035395e+44
150.380015148 1.75013808349e+44
150.630013672 1.74460975187e+44
150.880012196 1.73971202177e+44
151.13001072 1.75267212646e+44
151.380009245 1.71844688244e+44
151.630007769 1.75350620353e+44
151.880006293 1.71910992745e+44
152.130004818 1.75465941088e+44
152.380003342 1.74532512605e+44
152.630001866 1.72721461076e+44
152.880000391 1.7282690571e+44
153.129998915 1.72875118084e+44
153.379997439 1.7378593657e+44
153.629995964 1.72963775549e+44
153.879994488 1.74183068696e+44
154.129993012 1.75924403226e+44
154.379991536 1.77801873737e+44
154.629990061 1.75971084006e+44
154.879988585 1.75683391244e+44
155.129987109 1.75284727669e+44
155.379985634 1.75800607093e+44
155.629984158 1.74623637225e+44
155.879982682 1.76735755512e+44
156.129981207 1.75368445868e+44
156.379979731 1.75923573109e+44
156.629978255 1.73330800539e+44
156.87997678 1.78721524234e+44
157.129975304 1.75633771326e+44
157.379973828 1.75313069033e+44
157.629972352 1.77252921742e+44
157.879970877 1.74672558823e+44
158.129969401 1.8020609097e+44
158.379967925 1.75732283643e+44
158.62996645 1.74822478955e+44
158.879964974 1.78302010743e+44
159.129963498 1.73793551878e+44
159.379962023 1.77931662491e+44
159.629960547 1.76831867727e+44
159.879959071 1.75470256687e+44
160.129957595 1.76719582597e+44
160.37995612 1.71242241447e+44
160.629954644 1.7230533893e+44
160.879953168 1.7857370613e+44
161.129951693 1.74619858951e+44
161.379950217 1.71405770063e+44
161.629948741 1.72286879656e+44
161.879947266 1.71238765298e+44
162.12994579 1.71810215859e+44
162.379944314 1.72616328621e+44
162.629942839 1.73051112675e+44
162.879941363 1.74192386303e+44
163.129939887 1.71054104328e+44
163.379938411 1.71594985847e+44
163.629936936 1.71064419043e+44
163.87993546 1.72480770377e+44
164.129933984 1.74936836586e+44
164.379932509 1.71303359532e+44
164.629931033 1.72238731346e+44
164.879929557 1.71683539433e+44
165.129928082 1.7486760127e+44
165.379926606 1.71603194267e+44
165.62992513 1.71594440392e+44
165.879923655 1.7155555784e+44
166.129922179 1.74811889629e+44
166.379920703 1.71083561532e+44
166.629919227 1.74437747535e+44
166.879917752 1.72513551327e+44
167.129916276 1.70083603665e+44
167.3799148 1.70320450906e+44
167.629913325 1.74257106507e+44
167.879911849 1.71432123244e+44
168.129910373 1.72412417527e+44
168.379908898 1.75989862405e+44
168.629907422 1.75471652497e+44
168.879905946 1.7390218876e+44
169.12990447 1.73916677221e+44
169.379902995 1.73968050068e+44
169.629901519 1.75538212758e+44
169.879900043 1.75691516395e+44
170.129898568 1.75312302296e+44
170.379897092 1.74413159088e+44
170.629895616 1.7641783944e+44
170.879894141 1.77123103168e+44
171.129892665 1.74444438953e+44
171.379891189 1.75319214089e+44
171.629889714 1.76091439856e+44
171.879888238 1.76956694381e+44
172.129886762 1.77338823163e+44
172.379885286 1.76361844956e+44
172.629883811 1.75114453999e+44
172.879882335 1.76019550274e+44
173.129880859 1.76893170544e+44
173.379879384 1.78793767347e+44
173.629877908 1.77365240222e+44
173.879876432 1.76952479057e+44
174.129874957 1.76874271003e+44
174.379873481 1.74514898089e+44
174.629872005 1.74393261625e+44
174.87987053 1.74580702591e+44
175.129869054 1.75565000928e+44
175.379867578 1.7703215621e+44
175.629866102 1.75496897908e+44
175.879864627 1.75038304877e+44
176.129863151 1.7880944171e+44
176.379861675 1.7458012994e+44
176.6298602 1.75798685432e+44
176.879858724 1.74723608205e+44
177.129857248 1.73117764918e+44
177.379855773 1.75869563752e+44
177.629854297 1.72329227289e+44
177.879852821 1.7473521896e+44
178.129851345 1.72682787222e+44
178.37984987 1.73162228941e+44
178.629848394 1.73516769418e+44
178.879846918 1.77229530636e+44
179.129845443 1.72464052747e+44
179.379843967 1.71570061249e+44
179.629842491 1.71397541287e+44
179.879841016 1.73284440348e+44
180.12983954 1.70382284735e+44
180.379838064 1.73128651131e+44
180.629836589 1.71484081659e+44
180.879835113 1.7215797677e+44
181.129833637 1.70772866218e+44
181.379832161 1.70992869311e+44
181.629830686 1.69672108121e+44
181.87982921 1.71506474253e+44
182.129827734 1.68649231439e+44
182.379826259 1.70688822262e+44
182.629824783 1.69792376343e+44
182.879823307 1.70358926071e+44
183.129821832 1.69606479863e+44
183.379820356 1.69972781964e+44
183.62981888 1.65467718831e+44
183.879817405 1.68755147962e+44
184.129815929 1.68984221888e+44
184.379814453 1.68453750362e+44
184.629812977 1.66262381553e+44
184.879811502 1.64199090581e+44
185.129810026 1.67962495766e+44
185.37980855 1.65853453267e+44
185.629807075 1.69882627066e+44
185.879805599 1.64394230926e+44
186.129804123 1.6370989806e+44
186.379802648 1.6445116927e+44
186.629801172 1.65420916646e+44
186.879799696 1.62503902733e+44
187.12979822 1.64454491666e+44
187.379796745 1.61956887723e+44
187.629795269 1.63821863367e+44
187.879793793 1.64009755035e+44
188.129792318 1.61473776109e+44
188.379790842 1.60664360542e+44
188.629789366 1.63805295694e+44
188.879787891 1.62702833255e+44
189.129786415 1.61991515794e+44
189.379784939 1.65299530256e+44
189.629783464 1.60146629258e+44
189.879781988 1.62214591328e+44
190.129780512 1.61127495405e+44
190.379779036 1.59438923005e+44
190.629777561 1.61005840709e+44
190.879776085 1.5968592957e+44
191.129774609 1.59002237368e+44
191.379773134 1.61176838964e+44
191.629771658 1.62324055632e+44
191.879770182 1.60194366633e+44
192.129768707 1.59716456798e+44
192.379767231 1.59813833235e+44
192.629765755 1.62448160384e+44
192.87976428 1.57534954243e+44
193.129762804 1.57983438868e+44
193.379761328 1.61456011071e+44
193.629759852 1.57837835655e+44
193.879758377 1.56834398512e+44
194.129756901 1.5892063094e+44
194.379755425 1.56305952547e+44
194.62975395 1.56130963083e+44
194.879752474 1.55380279928e+44
195.129750998 1.55004325718e+44
195.379749523 1.55649081957e+44
195.629748047 1.52385531008e+44
195.879746571 1.58911632583e+44
196.129745095 1.52903807576e+44
196.37974362 1.52810804231e+44
196.629742144 1.56649716259e+44
196.879740668 1.5082701641e+44
197.129739193 1.50186467435e+44
197.379737717 1.5160127418e+44
197.629736241 1.49202753671e+44
197.879734766 1.52792589671e+44
198.12973329 1.48731913975e+44
198.379731814 1.51159087525e+44
198.629730339 1.46829961394e+44
198.879728863 1.48651799143e+44
199.129727387 1.46837146198e+44
199.379725911 1.47696662478e+44
199.629724436 1.47359789149e+44
199.87972296 1.45480610093e+44
200.129721484 1.45476557147e+44
200.379720009 1.4559950053e+44
200.629718533 1.43974860842e+44
200.879717057 1.43750720644e+44
201.129715582 1.45599818521e+44
201.379714106 1.42305279698e+44
201.62971263 1.43511471654e+44
201.879711155 1.4314101268e+44
202.129709679 1.43000915259e+44
202.379708203 1.41814241026e+44
202.629706727 1.44434594916e+44
202.879705252 1.43841494578e+44
203.129703776 1.40243000355e+44
203.3797023 1.39833013066e+44
203.629700825 1.40330115548e+44
203.879699349 1.40437287579e+44
204.129697873 1.39222698322e+44
204.379696398 1.38476797958e+44
204.629694922 1.36759554442e+44
204.879693446 1.37828894242e+44
205.12969197 1.34626064833e+44
205.379690495 1.36518356817e+44
205.629689019 1.36192705846e+44
205.879687543 1.35125184267e+44
206.129686068 1.33362244281e+44
206.379684592 1.35263196996e+44
206.629683116 1.36056740936e+44
206.879681641 1.36641009765e+44
207.129680165 1.3160204746e+44
207.379678689 1.34424598673e+44
207.629677214 1.34091186512e+44
207.879675738 1.32570817278e+44
208.129674262 1.30621630199e+44
208.379672786 1.32260717503e+44
208.629671311 1.30476001045e+44
208.879669835 1.30465024849e+44
209.129668359 1.29521550074e+44
209.379666884 1.31115872859e+44
209.629665408 1.28524843359e+44
209.879663932 1.27923995984e+44
210.129662457 1.26917991874e+44
210.379660981 1.28494113965e+44
210.629659505 1.28629651513e+44
210.87965803 1.26856795101e+44
211.129656554 1.26440733397e+44
211.379655078 1.24287545879e+44
211.629653602 1.24094737313e+44
211.879652127 1.22962311788e+44
212.129650651 1.22791669255e+44
212.379649175 1.21841248585e+44
212.6296477 1.2146325781e+44
212.879646224 1.21159222495e+44
213.129644748 1.20669396814e+44
213.379643273 1.22291280985e+44
213.629641797 1.21387977053e+44
213.879640321 1.20590976055e+44
214.129638845 1.20048915922e+44
214.37963737 1.17144875353e+44
214.629635894 1.19512557884e+44
214.879634418 1.18772619541e+44
215.129632943 1.1822377408e+44
215.379631467 1.17966162164e+44
215.629629991 1.16910231559e+44
215.879628516 1.1430959719e+44
216.12962704 1.15125749404e+44
216.379625564 1.16315160423e+44
216.629624089 1.17081533694e+44
216.879622613 1.13073692882e+44
217.129621137 1.13651561026e+44
217.379619661 1.12512527154e+44
217.629618186 1.13465188197e+44
217.87961671 1.11652718094e+44
218.129615234 1.11722417072e+44
218.379613759 1.10841140804e+44
218.629612283 1.10052206807e+44
218.879610807 1.09415222572e+44
219.129609332 1.11146726652e+44
219.379607856 1.09043762626e+44
219.62960638 1.07214220765e+44
219.879604905 1.10444692187e+44
220.129603429 1.08195004545e+44
220.379601953 1.10003871102e+44
220.629600477 1.08958259279e+44
220.879599002 1.07054648358e+44
221.129597526 1.05489109075e+44
221.37959605 1.05589913327e+44
221.629594575 1.0744468583e+44
221.879593099 1.0513585636e+44
222.129591623 1.05396694339e+44
222.379590148 1.05231626557e+44
222.629588672 1.03625429197e+44
222.879587196 1.0411678426e+44
223.12958572 1.03717206481e+44
223.379584245 1.04387078829e+44
223.629582769 1.04153030471e+44
223.879581293 1.02529440197e+44
224.129579818 1.01210028849e+44
224.379578342 1.01535771184e+44
224.629576866 1.00718330617e+44
224.879575391 1.01727611186e+44
225.129573915 1.00257334651e+44
225.379572439 1.01886429764e+44
225.629570964 1.01001063167e+44
225.879569488 1.01426621967e+44
226.129568012 9.91138500184e+43
226.379566536 9.71420438008e+43
226.629565061 9.77756584099e+43
226.879563585 9.67697115302e+43
227.129562109 9.75717228624e+43
227.379560634 9.59868272889e+43
227.629559158 9.67528815792e+43
227.879557682 9.66599998519e+43
228.129556207 9.67762935283e+43
228.379554731 9.61136708957e+43
228.629553255 9.58376505972e+43
228.87955178 9.51072040096e+43
229.129550304 9.62777020066e+43
229.379548828 9.38101538377e+43
229.629547352 9.35527507345e+43
229.879545877 9.48011565829e+43
230.129544401 9.37814893827e+43
230.379542925 9.31946638562e+43
230.62954145 9.38215056371e+43
230.879539974 9.22192707289e+43
231.129538498 9.2821402272e+43
231.379537023 9.07070261219e+43
231.629535547 9.22654831028e+43
231.879534071 9.26184203424e+43
232.129532595 9.14488623721e+43
232.37953112 8.95512776634e+43
232.629529644 9.02930451762e+43
232.879528168 9.01977873557e+43
233.129526693 8.90770435284e+43
233.379525217 8.9421485882e+43
233.629523741 9.08520062459e+43
233.879522266 8.95353816572e+43
234.12952079 8.89380857652e+43
234.379519314 8.87068760775e+43
234.629517839 8.85478560427e+43
234.879516363 8.85547289606e+43
235.129514887 8.78128586364e+43
235.379513411 8.76787913591e+43
235.629511936 8.80458777098e+43
235.87951046 8.74013913867e+43
236.129508984 8.77984294916e+43
236.379507509 8.6459726395e+43
236.629506033 8.56268321108e+43
236.879504557 8.55575860542e+43
237.129503082 8.69945305595e+43
237.379501606 8.45635377171e+43
237.62950013 8.44274220312e+43
237.879498655 8.60707962238e+43
238.129497179 8.54782875929e+43
238.379495703 8.53920005246e+43
238.629494227 8.45648235462e+43
238.879492752 8.59244033703e+43
239.129491276 8.2321760356e+43
239.3794898 8.2927466153e+43
239.629488325 8.19649394691e+43
239.879486849 8.20354181945e+43
240.129485373 8.28575423261e+43
240.379483898 8.07518984505e+43
240.629482422 8.18840559438e+43
240.879480946 8.16448690122e+43
241.12947947 7.99291557754e+43
241.379477995 8.14297172581e+43
241.629476519 8.13094885473e+43
241.879475043 8.24272605476e+43
242.129473568 8.09719542463e+43
242.379472092 8.01470124241e+43
242.629470616 7.90857279068e+43
242.879469141 7.86341733909e+43
243.129467665 8.08536712015e+43
243.379466189 7.83986700523e+43
243.629464714 7.96660826091e+43
243.879463238 7.98186271477e+43
244.129461762 7.88563034921e+43
244.379460286 7.73310957385e+43
244.629458811 7.83053535149e+43
244.879457335 7.64124254569e+43
245.129455859 7.78989490548e+43
245.379454384 7.71603608784e+43
245.629452908 7.7321254828e+43
245.879451432 7.68705559787e+43
246.129449957 7.50208805576e+43
246.379448481 7.68088614011e+43
246.629447005 7.73826437525e+43
246.87944553 7.53531543082e+43
247.129444054 7.43508992796e+43
247.379442578 7.38930532805e+43
247.629441102 7.27504742102e+43
247.879439627 7.45140820939e+43
248.129438151 7.45832637728e+43
248.379436675 7.36012128233e+43
248.6294352 7.3654805419e+43
248.879433724 7.43100794975e+43
249.129432248 7.33580074241e+43
249.379430773 7.16029414341e+43
249.629429297 7.39511168956e+43
249.879427821 7.35878996592e+43
250.129426345 7.25316285141e+43
250.37942487 7.18289287402e+43
250.629423394 7.20270087377e+43
250.879421918 7.15645466553e+43
251.129420443 7.00637141998e+43
251.379418967 7.10367178277e+43
251.629417491 6.90922900188e+43
251.879416016 6.96468578881e+43
252.12941454 6.91835211951e+43
252.379413064 6.95665304277e+43
252.629411589 6.89502118618e+43
252.879410113 6.80120754453e+43
253.129408637 7.00119548256e+43
253.379407161 6.95815436518e+43
253.629405686 6.84606559004e+43
253.87940421 6.75284919042e+43
254.129402734 6.66996870521e+43
254.379401259 6.74414894113e+43
254.629399783 6.6987128541e+43
254.879398307 6.7263656982e+43
255.129396832 6.63602793807e+43
255.379395356 6.73156087428e+43
255.62939388 6.5907465066e+43
255.879392405 6.54614645242e+43
256.129390929 6.44986142416e+43
256.379389453 6.63111948534e+43
256.629387977 6.54493766016e+43
256.879386502 6.43398013905e+43
257.129385026 6.46979097762e+43
257.37938355 6.59797025245e+43
257.629382075 6.53102559324e+43
257.879380599 6.29703144256e+43
258.129379123 6.41023824125e+43
258.379377648 6.32369235497e+43
258.629376172 6.38279272594e+43
258.879374696 6.21731568254e+43
259.12937322 6.18839983461e+43
259.379371745 6.23963817796e+43
259.629370269 6.22334013117e+43
259.879368793 6.29962263561e+43
260.129367318 6.32247304422e+43
260.379365842 6.14634810941e+43
260.629364366 6.22084014259e+43
260.879362891 6.11971180994e+43
261.129361415 6.12315747482e+43
261.379359939 6.00841412977e+43
261.629358464 6.02976971356e+43
261.879356988 6.15810874383e+43
262.129355512 5.96231050848e+43
262.379354036 5.94803977081e+43
262.629352561 6.01326416123e+43
262.879351085 5.94595906103e+43
263.129349609 5.93506321034e+43
263.379348134 5.92889979338e+43
263.629346658 5.97906594855e+43
263.879345182 5.97653692323e+43
264.129343707 5.92099410589e+43
264.379342231 5.93027708696e+43
264.629340755 5.78441617172e+43
264.87933928 5.88286369372e+43
265.129337804 6.02878496822e+43
265.379336328 5.860660781e+43
265.629334852 5.86966986172e+43
265.879333377 5.73232763078e+43
266.129331901 5.66366901061e+43
266.379330425 5.65877720452e+43
266.62932895 5.70501622643e+43
266.879327474 5.7228003271e+43
267.129325998 5.77777642952e+43
267.379324523 5.74853415738e+43
267.629323047 5.7292796207e+43
267.879321571 5.71493970941e+43
268.129320095 5.70012805807e+43
268.37931862 5.54278472363e+43
268.629317144 5.50598176922e+43
268.879315668 5.49931264764e+43
269.129314193 5.58706152577e+43
269.379312717 5.55195105236e+43
269.629311241 5.54932116228e+43
269.879309766 5.53650761346e+43
270.12930829 5.45025642336e+43
270.379306814 5.49719378757e+43
270.629305339 5.49681539228e+43
270.879303863 5.43667633053e+43
271.129302387 5.33863811815e+43
271.379300911 5.48064891342e+43
271.629299436 5.4466412814e+43
271.87929796 5.35836527273e+43
272.129296484 5.41880666496e+43
272.379295009 5.45110972434e+43
272.629293533 5.38351556832e+43
272.879292057 5.31283698859e+43
273.129290582 5.38721259163e+43
273.379289106 5.37765564577e+43
273.62928763 5.30281322449e+43
273.879286155 5.22498523193e+43
274.129284679 5.15516835796e+43
274.379283203 5.18084940852e+43
274.629281727 5.2186451938e+43
274.879280252 5.04202382456e+43
275.129278776 5.0997164932e+43
275.3792773 5.14239897779e+43
275.629275825 5.22255346404e+43
275.879274349 5.04147049074e+43
276.129272873 5.22610319034e+43
276.379271398 5.13223001486e+43
276.629269922 4.97585956063e+43
276.879268446 4.97486564865e+43
277.12926697 4.98452534316e+43
277.379265495 4.98152883183e+43
277.629264019 5.03263055114e+43
277.879262543 4.9559122432e+43
278.129261068 4.95562825823e+43
278.379259592 4.90061663326e+43
278.629258116 4.91372360407e+43
278.879256641 4.85131478872e+43
279.129255165 4.87813479716e+43
279.379253689 4.97984506392e+43
279.629252214 4.87249078405e+43
279.879250738 4.8979792872e+43
280.129249262 4.79689150999e+43
280.379247786 4.7272533618e+43
280.629246311 4.78108824359e+43
280.879244835 4.74065778449e+43
281.129243359 4.78194706985e+43
281.379241884 4.64572294222e+43
281.629240408 4.70541404119e+43
281.879238932 4.68407701842e+43
282.129237457 4.65642962932e+43
282.379235981 4.69684404731e+43
282.629234505 4.57227134444e+43
282.87923303 4.63330912509e+43
283.129231554 4.55367237753e+43
283.379230078 4.55011875387e+43
283.629228602 4.46616731152e+43
283.879227127 4.52453841149e+43
284.129225651 4.52512434176e+43
284.379224175 4.50194009919e+43
284.6292227 4.42060370125e+43
284.879221224 4.50748513007e+43
285.129219748 4.45628897528e+43
285.379218273 4.39187960231e+43
285.629216797 4.52007460815e+43
285.879215321 4.42929427861e+43
286.129213845 4.37686120864e+43
286.37921237 4.33480161091e+43
286.629210894 4.28683809007e+43
286.879209418 4.2345693801e+43
287.129207943 4.30190430484e+43
287.379206467 4.29665406166e+43
287.629204991 4.31657912065e+43
287.879203516 4.19606634636e+43
288.12920204 4.28503787263e+43
288.379200564 4.27741862057e+43
288.629199089 4.23574718668e+43
288.879197613 4.26909984103e+43
289.129196137 4.20520797076e+43
289.379194661 4.19282930269e+43
289.629193186 4.20767917304e+43
289.87919171 4.10067158554e+43
290.129190234 4.06934237521e+43
290.379188759 4.09399633066e+43
290.629187283 4.14068092433e+43
290.879185807 4.07272005708e+43
291.129184332 3.97545933304e+43
291.379182856 4.06985341356e+43
291.62918138 3.98347605382e+43
291.879179905 3.94953111686e+43
292.129178429 4.01911416838e+43
292.379176953 3.97954646844e+43
292.629175477 3.91998733873e+43
292.879174002 3.99369443605e+43
293.129172526 3.96097011436e+43
293.37917105 3.98990576066e+43
293.629169575 3.91293027344e+43
293.879168099 3.90371943073e+43
294.129166623 3.78144629133e+43
294.379165148 3.87214848542e+43
294.629163672 3.7826060869e+43
294.879162196 3.88977206496e+43
295.12916072 3.76068893926e+43
295.379159245 3.79899590712e+43
295.629157769 3.75681290613e+43
295.879156293 3.7957957298e+43
296.129154818 3.7619582778e+43
296.379153342 3.74317766986e+43
296.629151866 3.75184575081e+43
296.879150391 3.69654593351e+43
297.129148915 3.68428741686e+43
297.379147439 3.69284251968e+43
297.629145964 3.68017126479e+43
297.879144488 3.57826024937e+43
298.129143012 3.67947815507e+43
298.379141536 3.65717965142e+43
298.629140061 3.61096435102e+43
298.879138585 3.66479096063e+43
299.129137109 3.5574304985e+43
299.379135634 3.53758066822e+43
299.629134158 3.55577149734e+43
299.879132682 3.49659570591e+43
300.129131207 3.47792884123e+43
300.379129731 3.4601878523e+43
300.629128255 3.52468762262e+43
300.87912678 3.51624446e+43
301.129125304 3.54888367641e+43
301.379123828 3.41196913212e+43
301.629122352 3.45040794681e+43
301.879120877 3.37697909276e+43
302.129119401 3.46244438492e+43
302.379117925 3.42339235823e+43
302.62911645 3.42587329495e+43
302.879114974 3.28143700282e+43
303.129113498 3.35900012423e+43
303.379112023 3.34804255145e+43
303.629110547 3.32040508662e+43
303.879109071 3.28878126334e+43
304.129107595 3.2850387829e+43
304.37910612 3.31492641e+43
304.629104644 3.26880273284e+43
304.879103168 3.34726287399e+43
305.129101693 3.31783820739e+43
305.379100217 3.29998644131e+43
305.629098741 3.21471366835e+43
305.879097266 3.20179517649e+43
306.12909579 3.30177190918e+43
306.379094314 3.22766603201e+43
306.629092839 3.22382044001e+43
306.879091363 3.22803159922e+43
307.129089887 3.1427435356e+43
307.379088411 3.1710354095e+43
307.629086936 3.14729260656e+43
307.87908546 3.14385771821e+43
308.129083984 3.15049636257e+43
308.379082509 3.07844898123e+43
308.629081033 3.18948711141e+43
308.879079557 3.14631952754e+43
309.129078082 3.13835472461e+43
309.379076606 3.1284995349e+43
309.62907513 3.09337507925e+43
309.879073655 3.16074888821e+43
310.129072179 3.05597650087e+43
310.379070703 3.03371584385e+43
310.629069227 3.09336404405e+43
310.879067752 3.02383095879e+43
311.129066276 3.01560382825e+43
311.3790648 2.92363868506e+43
311.629063325 3.0103882959e+43
311.879061849 3.06342674416e+43
312.129060373 2.94454619138e+43
312.379058898 2.90998200978e+43
312.629057422 2.9109993983e+43
312.879055946 2.96180201871e+43
313.12905447 2.98160115839e+43
313.379052995 2.97411974218e+43
313.629051519 2.94011136899e+43
313.879050043 2.88088991874e+43
314.129048568 2.88234282443e+43
314.379047092 2.88693257038e+43
314.629045616 2.90718035096e+43
314.879044141 2.85223053105e+43
315.129042665 2.87501885994e+43
315.379041189 2.81772127339e+43
315.629039714 2.79909130058e+43
315.879038238 2.81119525098e+43
316.129036762 2.80043793382e+43
316.379035286 2.78643666864e+43
316.629033811 2.69362011698e+43
316.879032335 2.80558981451e+43
317.129030859 2.76986722958e+43
317.379029384 2.71987357969e+43
317.629027908 2.67978864212e+43
317.879026432 2.71985028351e+43
318.129024957 2.73157087896e+43
318.379023481 2.75473110096e+43
318.629022005 2.74994980378e+43
318.87902053 2.69258421331e+43
319.129019054 2.69927882591e+43
319.379017578 2.63971248422e+43
319.629016102 2.62374073942e+43
319.879014627 2.6526585848e+43
320.129013151 2.64417114792e+43
320.379011675 2.65103040654e+43
320.6290102 2.57612755833e+43
320.879008724 2.67600888619e+43
321.129007248 2.51196697688e+43
321.379005773 2.63874028766e+43
321.629004297 2.56017878729e+43
321.879002821 2.56973159445e+43
322.129001345 2.56656816935e+43
322.37899987 2.57490914199e+43
322.628998394 2.47624634618e+43
322.878996918 2.51674306182e+43
323.128995443 2.52916046919e+43
323.378993967 2.4929583459e+43
323.628992491 2.51725014839e+43
323.878991016 2.5139733378e+43
324.12898954 2.46903646126e+43
324.378988064 2.45090901277e+43
324.628986589 2.4499863168e+43
324.878985113 2.46301584697e+43
325.128983637 2.4436680876e+43
325.378982161 2.40189080519e+43
325.628980686 2.43049039201e+43
325.87897921 2.44104544989e+43
326.128977734 2.40305952371e+43
326.378976259 2.36809917156e+43
326.628974783 2.37528495319e+43
326.878973307 2.38312024124e+43
327.128971832 2.30866400002e+43
327.378970356 2.43756628757e+43
327.62896888 2.3294504372e+43
327.878967405 2.29386920784e+43
328.128965929 2.29334303756e+43
328.378964453 2.36995992843e+43
328.628962977 2.3661818829e+43
328.878961502 2.34204170421e+43
329.128960026 2.32091518116e+43
329.37895855 2.26437777154e+43
329.628957075 2.29924008413e+43
329.878955599 2.27961667951e+43
330.128954123 2.2973600673e+43
330.378952648 2.22650186903e+43
330.628951172 2.30155499647e+43
330.878949696 2.29243874255e+43
331.12894822 2.20772378739e+43
331.378946745 2.24257805224e+43
331.628945269 2.19484479208e+43
331.878943793 2.19862721105e+43
332.128942318 2.26388861331e+43
332.378940842 2.18112152868e+43
332.628939366 2.22048026588e+43
332.878937891 2.16743484927e+43
333.128936415 2.17400978894e+43
333.378934939 2.19441490327e+43
333.628933464 2.14841254596e+43
333.878931988 2.18843448434e+43
334.128930512 2.1553965428e+43
334.378929036 2.12517043203e+43
334.628927561 2.17651515993e+43
334.878926085 2.16116702494e+43
335.128924609 2.11349438241e+43
335.378923134 2.11050057756e+43
335.628921658 2.08260334793e+43
335.878920182 2.08970510714e+43
336.128918707 2.10523019823e+43
336.378917231 2.11260600188e+43
336.628915755 2.0220608674e+43
336.87891428 2.0761907192e+43
337.128912804 2.08308000488e+43
337.378911328 2.08091051942e+43
337.628909852 2.06423184498e+43
337.878908377 2.04704635565e+43
338.128906901 2.04080393352e+43
338.378905425 2.06881890239e+43
338.62890395 2.07385943615e+43
338.878902474 2.06089728989e+43
339.128900998 2.02623866778e+43
339.378899523 2.02325964798e+43
339.628898047 1.98435455946e+43
339.878896571 2.00741005374e+43
340.128895095 1.99380045919e+43
340.37889362 1.95540053519e+43
340.628892144 1.99353835987e+43
340.878890668 1.96011016077e+43
341.128889193 1.9569389992e+43
341.378887717 1.96980257738e+43
341.628886241 1.93975676041e+43
341.878884766 1.95473035584e+43
342.12888329 1.93194636964e+43
342.378881814 1.89711865368e+43
342.628880339 1.89982582418e+43
342.878878863 1.91541633908e+43
343.128877387 1.89961628635e+43
343.378875911 1.91359332828e+43
343.628874436 1.87693218263e+43
343.87887296 1.86851183185e+43
344.128871484 1.89363113953e+43
344.378870009 1.83830304843e+43
344.628868533 1.88973835011e+43
344.878867057 1.85940526849e+43
345.128865582 1.88454566211e+43
345.378864106 1.87597422236e+43
345.62886263 1.90414556468e+43
345.878861155 1.88682999802e+43
346.128859679 1.83972361311e+43
346.378858203 1.84276620529e+43
346.628856727 1.89001383203e+43
346.878855252 1.82231878561e+43
347.128853776 1.83869214434e+43
347.3788523 1.85153888287e+43
347.628850825 1.82605296533e+43
347.878849349 1.83670765518e+43
348.128847873 1.81336798601e+43
348.378846398 1.80183811329e+43
348.628844922 1.80140058445e+43
348.878843446 1.78219165908e+43
349.12884197 1.79953387496e+43
349.378840495 1.78432656462e+43
349.628839019 1.77549451053e+43
349.878837543 1.78202035281e+43
350.128836068 1.80721592812e+43
350.378834592 1.77089247486e+43
350.628833116 1.76854724137e+43
350.878831641 1.71405706441e+43
351.128830165 1.75509447555e+43
351.378828689 1.71888084968e+43
351.628827214 1.74088500455e+43
351.878825738 1.77325792003e+43
352.128824262 1.76527621137e+43
352.378822786 1.68494300301e+43
352.628821311 1.68189795224e+43
352.878819835 1.71607434669e+43
353.128818359 1.71608625809e+43
353.378816884 1.7121504316e+43
353.628815408 1.67517275733e+43
353.878813932 1.69177141599e+43
354.128812457 1.67621867107e+43
354.378810981 1.67501138476e+43
354.628809505 1.69863102703e+43
354.87880803 1.66637320462e+43
355.128806554 1.67222896951e+43
355.378805078 1.64423281604e+43
355.628803602 1.66526070182e+43
355.878802127 1.67106543829e+43
356.128800651 1.66230426943e+43
356.378799175 1.6108295234e+43
356.6287977 1.61492005338e+43
356.878796224 1.65054602381e+43
357.128794748 1.67766786833e+43
357.378793273 1.60881707551e+43
357.628791797 1.65977146554e+43
357.878790321 1.58669492617e+43
358.128788845 1.6637770021e+43
358.37878737 1.61370512618e+43
358.628785894 1.60867698358e+43
358.878784418 1.61358538441e+43
359.128782943 1.60764601322e+43
359.378781467 1.56218719068e+43
359.628779991 1.6307483691e+43
359.878778516 1.59037172686e+43
360.12877704 1.57097243116e+43
360.378775564 1.56379161624e+43
360.628774089 1.59015863605e+43
360.878772613 1.53812155892e+43
361.128771137 1.56918689539e+43
361.378769661 1.5412362719e+43
361.628768186 1.5604985579e+43
361.87876671 1.58673729349e+43
362.128765234 1.53762191538e+43
362.378763759 1.54774199363e+43
362.628762283 1.53676655311e+43
362.878760807 1.5639617166e+43
363.128759332 1.49809542731e+43
363.378757856 1.51178468682e+43
363.62875638 1.52333081088e+43
363.878754905 1.48464608665e+43
364.128753429 1.50753441963e+43
364.378751953 1.51428694156e+43
364.628750477 1.49253086621e+43
364.878749002 1.52595957895e+43
365.128747526 1.46852934068e+43
365.37874605 1.51350070827e+43
365.628744575 1.46126881824e+43
365.878743099 1.45660535715e+43
366.128741623 1.50161575859e+43
366.378740148 1.42939597178e+43
366.628738672 1.43731054905e+43
366.878737196 1.45428900049e+43
367.12873572 1.46344106808e+43
367.378734245 1.45804108327e+43
367.628732769 1.42267674836e+43
367.878731293 1.4636768002e+43
368.128729818 1.45955927288e+43
368.378728342 1.44712351306e+43
368.628726866 1.41775480837e+43
368.878725391 1.39409823738e+43
369.128723915 1.43124725736e+43
369.378722439 1.42957911494e+43
369.628720964 1.40293492516e+43
369.878719488 1.42434772589e+43
370.128718012 1.43102754148e+43
370.378716536 1.43126708852e+43
370.628715061 1.39483086726e+43
370.878713585 1.42082203897e+43
371.128712109 1.41338734705e+43
371.378710634 1.37312933143e+43
371.628709158 1.40280696858e+43
371.878707682 1.39439455693e+43
372.128706207 1.39780584453e+43
372.378704731 1.35881494554e+43
372.628703255 1.38839918184e+43
372.87870178 1.41610429511e+43
373.128700304 1.37277674474e+43
373.378698828 1.37223309493e+43
373.628697352 1.32193837375e+43
373.878695877 1.36829757768e+43
374.128694401 1.32233242786e+43
374.378692925 1.35057717854e+43
374.62869145 1.32867911203e+43
374.878689974 1.36365256581e+43
375.128688498 1.35096713245e+43
375.378687023 1.37386241442e+43
375.628685547 1.34024827887e+43
375.878684071 1.35018935062e+43
376.128682595 1.33686451737e+43
376.37868112 1.36329686439e+43
376.628679644 1.32385229281e+43
376.878678168 1.32043942051e+43
377.128676693 1.3140532205e+43
377.378675217 1.28896637363e+43
377.628673741 1.28398330468e+43
377.878672266 1.30219141636e+43
378.12867079 1.278765504e+43
378.378669314 1.26013945706e+43
378.628667839 1.27687721416e+43
378.878666363 1.29879329957e+43
379.128664887 1.27622609637e+43
379.378663411 1.24991822734e+43
379.628661936 1.27846164501e+43
379.87866046 1.26812148039e+43
380.128658984 1.23504493344e+43
380.378657509 1.26347024243e+43
380.628656033 1.26675603529e+43
380.878654557 1.25296999857e+43
381.128653082 1.25729933501e+43
381.378651606 1.23871242981e+43
381.62865013 1.23346482796e+43
381.878648655 1.24743936431e+43
382.128647179 1.26180525781e+43
382.378645703 1.22994244014e+43
382.628644227 1.22022358997e+43
382.878642752 1.22483126365e+43
383.128641276 1.1873532837e+43
383.3786398 1.19772967848e+43
383.628638325 1.21688795419e+43
383.878636849 1.2137215945e+43
384.128635373 1.20350720913e+43
384.378633898 1.22614048044e+43
384.628632422 1.17731699868e+43
384.878630946 1.20937488639e+43
385.12862947 1.20519532003e+43
385.378627995 1.16097824255e+43
385.628626519 1.16706255128e+43
385.878625043 1.17166362165e+43
386.128623568 1.18501642901e+43
386.378622092 1.19015395303e+43
386.628620616 1.16522060762e+43
386.878619141 1.15748465061e+43
387.128617665 1.14352846284e+43
387.378616189 1.15754201197e+43
387.628614714 1.1717741153e+43
387.878613238 1.17833671677e+43
388.128611762 1.14803372012e+43
388.378610286 1.16377118412e+43
388.628608811 1.15530068591e+43
388.878607335 1.13198606332e+43
389.128605859 1.13441678572e+43
389.378604384 1.13281181321e+43
389.628602908 1.13297225439e+43
389.878601432 1.12792765397e+43
390.128599957 1.12440513507e+43
390.378598481 1.13192953083e+43
390.628597005 1.10645539846e+43
390.87859553 1.10277596061e+43
391.128594054 1.11378616439e+43
391.378592578 1.10823517524e+43
391.628591102 1.11196828416e+43
391.878589627 1.07299127009e+43
392.128588151 1.11839346524e+43
392.378586675 1.09237601364e+43
392.6285852 1.09063148631e+43
392.878583724 1.07517692882e+43
393.128582248 1.09055540521e+43
393.378580773 1.08317884736e+43
393.628579297 1.08082239302e+43
393.878577821 1.07414248222e+43
394.128576345 1.08030330148e+43
394.37857487 1.07317050309e+43
394.628573394 1.06908236242e+43
394.878571918 1.06616519338e+43
395.128570443 1.07595227002e+43
395.378568967 1.07528497268e+43
395.628567491 1.05409918757e+43
395.878566016 1.05494152052e+43
396.12856454 1.04300563352e+43
396.378563064 1.0514425095e+43
396.628561589 1.01221762135e+43
396.878560113 1.06662846543e+43
397.128558637 1.04569420234e+43
397.378557161 1.03998099211e+43
397.628555686 1.05930815605e+43
397.87855421 1.04269706388e+43
398.128552734 1.04198178582e+43
398.378551259 1.01960519555e+43
398.628549783 1.0390365719e+43
398.878548307 1.00704278064e+43
399.128546832 1.01966380452e+43
399.378545356 1.03389856626e+43
399.62854388 1.01117915641e+43
399.878542405 1.01423463641e+43
400.128540929 1.01871027929e+43
400.378539453 1.04367759596e+43
400.628537977 9.86883159109e+42
400.878536502 1.00904441907e+43
401.128535026 1.01342668556e+43
401.37853355 1.0045296898e+43
401.628532075 9.84718859717e+42
401.878530599 1.00099177286e+43
402.128529123 1.02173247569e+43
402.378527648 1.00747190168e+43
402.628526172 9.84120821098e+42
402.878524696 9.75892318642e+42
403.12852322 9.92994891575e+42
403.378521745 9.91827978151e+42
403.628520269 9.7890773412e+42
403.878518793 9.51360197351e+42
404.128517318 9.96752857939e+42
404.378515842 9.59426441392e+42
404.628514366 1.00007431192e+43
404.878512891 9.59817678192e+42
405.128511415 9.55655732628e+42
405.378509939 9.53720613754e+42
405.628508464 9.62002461388e+42
405.878506988 9.38807054022e+42
