0.0368518518519 4.63808873958e+37
0.198694490741 3.73750609312e+38
0.448676064815 5.75956756515e+38
0.698657638889 1.222046429e+39
0.948639212963 1.98827191515e+39
1.19862078704 3.06201068612e+39
1.44860236111 3.84805186402e+39
1.69858393519 7.85376662616e+39
1.94856550926 1.16905391056e+40
2.19854708333 2.0722838066e+40
2.44852865741 1.75967335133e+40
2.69851023148 3.14078282744e+40
2.94849180556 2.02652872968e+40
3.19847337963 2.44986469492e+40
3.4484549537 2.92773635769e+40
3.69843652778 4.62828173147e+40
3.94841810185 4.58075205997e+40
4.19839967593 6.11191031146e+40
4.44838125 6.94591011789e+40
4.69836282407 4.87406821839e+40
4.94834439815 4.01343841456e+40
5.19832597222 4.4588165253e+40
5.4483075463 2.83896537667e+40
5.69828912037 3.74939861315e+40
5.94827069444 3.09611773365e+40
6.19825226852 2.62180631179e+40
6.44823384259 3.47322032173e+40
6.69821541667 2.97913421061e+40
6.94819699074 3.15930915755e+40
7.19817856481 3.54318024404e+40
7.44816013889 3.51446915216e+40
7.69814171296 4.33145184789e+40
7.94812328704 3.98964429291e+40
8.19810486111 4.17121032093e+40
8.44808643519 4.93894911523e+40
8.69806800926 6.81016165539e+40
8.94804958333 4.04887064563e+40
9.19803115741 5.3724622423e+40
9.44801273148 5.67039834847e+40
9.69799430556 6.72522915314e+40
9.94797587963 5.94088441954e+40
10.1979574537 8.32456589764e+40
10.4479390278 8.38766503459e+40
10.6979206019 1.11577975839e+41
10.9479021759 1.08660678579e+41
11.19788375 1.22554978198e+41
11.4478653241 1.14510038621e+41
11.6978468981 1.25169177488e+41
11.9478284722 1.14919082641e+41
12.1978100463 1.10753876014e+41
12.4477916204 1.29715295432e+41
12.6977731944 1.19557941242e+41
12.9477547685 1.27426777501e+41
13.1977363426 1.51721581947e+41
13.4477179167 1.58170254421e+41
13.6976994907 1.56957724578e+41
13.9476810648 1.65935174866e+41
14.1976626389 1.64390636886e+41
14.447644213 1.11880055024e+41
14.697625787 8.972738299e+40
14.9476073611 1.4752937488e+41
15.1975889352 1.51660928197e+41
15.4475705093 1.68898348263e+41
15.6975520833 1.54422337331e+41
15.9475336574 1.57631958815e+41
16.1975152315 1.59944381405e+41
16.4474968056 1.5299546726e+41
16.6974783796 1.13520879015e+41
16.9474599537 1.13904445145e+41
17.1974415278 1.27383465757e+41
17.4474231019 1.29054905031e+41
17.6974046759 8.00242934616e+40
17.94738625 1.10077403924e+41
18.1973678241 1.47011741233e+41
18.4473493981 1.70651438019e+41
18.6973309722 1.50223330588e+41
18.9473125463 1.62939219401e+41
19.1972941204 1.39955127149e+41
19.4472756944 1.19232067427e+41
19.6972572685 1.43268504799e+41
19.9472388426 1.7839225294e+41
20.1972204167 1.95782943756e+41
20.4472019907 2.30683248137e+41
20.6971835648 1.91259531253e+41
20.9471651389 2.55767031325e+41
21.197146713 1.71952881275e+41
21.447128287 2.42762255437e+41
21.6971098611 1.82567890058e+41
21.9470914352 2.02840984759e+41
22.1970730093 1.75796935988e+41
22.4470545833 2.52066744154e+41
22.6970361574 2.16722611728e+41
22.9470177315 1.8198298055e+41
23.1969993056 1.61619703686e+41
23.4469808796 1.7458817051e+41
23.6969624537 1.6134283512e+41
23.9469440278 1.58666490925e+41
24.1969256019 1.83682882442e+41
24.4469071759 1.51493154354e+41
24.69688875 1.27596376668e+41
24.9468703241 1.89749691192e+41
25.1968518981 2.2653736622e+41
25.4468334722 1.93855989317e+41
25.6968150463 2.91030473768e+41
25.9467966204 3.2136444514e+41
26.1967781944 4.05779060727e+41
26.4467597685 3.27599389291e+41
26.6967413426 4.01587961277e+41
26.9467229167 3.39569159753e+41
27.1967044907 3.97270655393e+41
27.4466860648 4.7693936654e+41
27.6966676389 4.84003180288e+41
27.946649213 4.58523176113e+41
28.196630787 6.63476119097e+41
28.4466123611 6.22054487395e+41
28.6965939352 7.45946548901e+41
28.9465755093 8.1303936244e+41
29.1965570833 7.26240900169e+41
29.4465386574 8.48682841776e+41
29.6965202315 8.27024341262e+41
29.9465018056 1.03341622572e+42
30.1964833796 1.01871275995e+42
30.4464649537 7.75632505376e+41
30.6964465278 6.61832024199e+41
30.9464281019 4.14498826094e+41
31.1964096759 7.6372200084e+41
31.44639125 6.61250633206e+41
31.6963728241 6.74873516393e+41
31.9463543981 9.45229143589e+41
32.1963359722 1.06437661484e+42
32.4463175463 1.45340923265e+42
32.6962991204 1.42191875379e+42
32.9462806944 1.1184739611e+42
33.1962622685 9.87531838952e+41
33.4462438426 8.99497130233e+41
33.6962254167 1.32396630981e+42
33.9462069907 1.334531354e+42
34.1961885648 1.5825549912e+42
34.4461701389 1.53200830805e+42
34.696151713 1.47513356533e+42
34.946133287 1.40844008046e+42
35.1961148611 1.61426354634e+42
35.4460964352 1.54374280674e+42
35.6960780093 1.44250300545e+42
35.9460595833 1.71325717061e+42
36.1960411574 1.83585212494e+42
36.4460227315 2.02586607231e+42
36.6960043056 2.16933646952e+42
36.9459858796 2.41718163194e+42
37.1959674537 2.49058580128e+42
37.4459490278 2.37573229466e+42
37.6959306019 2.49614422427e+42
37.9459121759 2.5518333891e+42
38.19589375 2.6036571839e+42
38.4458753241 3.03611304984e+42
38.6958568981 2.99926504641e+42
38.9458384722 2.72011351884e+42
39.1958200463 3.00348869743e+42
39.4458016204 2.86926408586e+42
39.6957831944 2.59514095717e+42
39.9457647685 3.304926957e+42
40.1957463426 2.86883182844e+42
40.4457279167 3.3101697683e+42
40.6957094907 3.32581067583e+42
40.9456910648 3.08603793913e+42
41.1956726389 3.3684114962e+42
41.445654213 3.03305598052e+42
41.695635787 3.62470066586e+42
41.9456173611 2.84843936384e+42
42.1955989352 3.34737593061e+42
42.4455805093 3.56866927959e+42
42.6955620833 4.03494847383e+42
42.9455436574 3.94211877448e+42
43.1955252315 4.55767327322e+42
43.4455068056 4.50478910139e+42
43.6954883796 4.07753357343e+42
43.9454699537 4.64786289907e+42
44.1954515278 4.56639491987e+42
44.4454331019 4.48265652934e+42
44.6954146759 4.63130044382e+42
44.94539625 4.91518033169e+42
45.1953778241 4.81807446799e+42
45.4453593981 5.18403510434e+42
45.6953409722 4.67025560936e+42
45.9453225463 5.01564943094e+42
46.1953041204 5.67298207284e+42
46.4452856944 5.79221348682e+42
46.6952672685 6.16300522763e+42
46.9452488426 6.38007907657e+42
47.1952304167 6.46684700341e+42
47.4452119907 6.41650083634e+42
47.6951935648 7.13304822313e+42
47.9451751389 6.91158300857e+42
48.195156713 6.93748713158e+42
48.445138287 6.90807693416e+42
48.6951198611 7.29217350987e+42
48.9451014352 7.09485257905e+42
49.1950830093 6.70224875412e+42
49.4450645833 6.26659497571e+42
49.6950461574 6.78356214325e+42
49.9450277315 6.83126874999e+42
50.1950093056 7.66562132072e+42
50.4449908796 8.01600716735e+42
50.6949724537 7.90121250868e+42
50.9449540278 7.72466713809e+42
51.1949356019 9.1801095385e+42
51.4449171759 9.16660634192e+42
51.69489875 1.05477571008e+43
51.9448803241 9.67596745946e+42
52.1948618981 8.89388579709e+42
52.4448434722 8.03921681787e+42
52.6948250463 8.68389901411e+42
52.9448066204 8.69994373086e+42
53.1947881944 8.88216156666e+42
53.4447697685 9.72556782491e+42
53.6947513426 9.48195123488e+42
53.9447329167 1.00483871948e+43
54.1947144907 1.15760417009e+43
54.4446960648 1.07973256331e+43
54.6946776389 1.11921484801e+43
54.944659213 1.05809654332e+43
55.194640787 1.08590255928e+43
55.4446223611 1.19601404004e+43
55.6946039352 1.20053504281e+43
55.9445855093 1.08636637184e+43
56.1945670833 1.10120720185e+43
56.4445486574 1.16150707673e+43
56.6945302315 1.22049881015e+43
56.9445118056 1.249869801e+43
57.1944933796 1.334587992e+43
57.4444749537 1.32377883165e+43
57.6944565278 1.34456682665e+43
57.9444381019 1.4530686714e+43
58.1944196759 1.42510325768e+43
58.44440125 1.4005597487e+43
58.6943828241 1.58138590241e+43
58.9443643981 1.53005178898e+43
59.1943459722 1.52752532874e+43
59.4443275463 1.5946239834e+43
59.6943091204 1.59275197222e+43
59.9442906944 1.62420236804e+43
60.1942722685 1.48160711049e+43
60.4442538426 1.44449172785e+43
60.6942354167 1.3397999546e+43
60.9442169907 1.24380788853e+43
61.1941985648 1.45316046268e+43
61.4441801389 1.44079714455e+43
61.694161713 1.48435402875e+43
61.944143287 1.54804480858e+43
62.1941248611 1.54155768545e+43
62.4441064352 1.62092865077e+43
62.6940880093 1.64662128012e+43
62.9440695833 1.69674027207e+43
63.1940511574 1.78112805099e+43
63.4440327315 1.85267553241e+43
63.6940143056 1.84680348477e+43
63.9439958796 1.980808861e+43
64.1939774537 2.00000612095e+43
64.4439590278 2.06693253081e+43
64.6939406019 2.15210217838e+43
64.9439221759 2.00400904702e+43
65.19390375 2.20068310361e+43
65.4438853241 2.02122818454e+43
65.6938668981 2.12610284538e+43
65.9438484722 2.14124090409e+43
66.1938300463 2.22886566065e+43
66.4438116204 2.11056996777e+43
66.6937931944 2.09564484275e+43
66.9437747685 2.08723845495e+43
67.1937563426 2.14710462706e+43
67.4437379167 2.23007170055e+43
67.6937194907 2.21221325043e+43
67.9437010648 2.14064458866e+43
68.1936826389 2.33823844143e+43
68.443664213 2.31359136592e+43
68.693645787 2.41059720436e+43
68.9436273611 2.25488254829e+43
69.1936089352 2.40090449201e+43
69.4435905093 2.29286475533e+43
69.6935720833 2.37876866678e+43
69.9435536574 2.25414801164e+43
70.1935352315 2.36102256262e+43
70.4435168056 2.42651093451e+43
70.6934983796 2.33196724671e+43
70.9434799537 2.44739926299e+43
71.1934615278 2.49521351148e+43
71.4434431019 2.60988701741e+43
71.6934246759 2.57920117883e+43
71.94340625 2.63467579533e+43
72.1933878241 2.4888599502e+43
72.4433693981 2.71248388013e+43
72.6933509722 2.65501937484e+43
72.9433325463 2.75946118522e+43
73.1933141204 2.85929986455e+43
73.4432956944 2.84210352898e+43
73.6932772685 2.7438326078e+43
73.9432588426 2.91997915801e+43
74.1932404167 2.94311386069e+43
74.4432219907 3.0758198477e+43
74.6932035648 2.98729371082e+43
74.9431851389 3.01142010492e+43
75.193166713 2.89491955452e+43
75.443148287 3.04589398191e+43
75.6931298611 3.12939267121e+43
75.9431114352 3.06362830992e+43
76.1930930093 3.11315846154e+43
76.4430745833 3.30866897978e+43
76.6930561574 3.30318620427e+43
76.9430377315 3.39870302762e+43
77.1930193056 3.47277496672e+43
77.4430008796 3.48851065078e+43
77.6929824537 3.44106759263e+43
77.9429640278 3.56533168807e+43
78.1929456019 3.6698738764e+43
78.4429271759 3.66742435094e+43
78.69290875 3.46296328588e+43
78.9428903241 3.51585408703e+43
79.1928718981 3.71691248271e+43
79.4428534722 3.72664565778e+43
79.6928350463 3.83297331817e+43
79.9428166204 3.70244200193e+43
80.1927981944 3.76333615592e+43
80.4427797685 3.84739578615e+43
80.6927613426 3.80342468256e+43
80.9427429167 3.97547948891e+43
81.1927244907 4.15251882797e+43
81.4427060648 4.22604833307e+43
81.6926876389 4.17350580687e+43
81.942669213 3.98205221927e+43
82.192650787 3.98561844884e+43
82.4426323611 3.91057568944e+43
82.6926139352 3.94802565859e+43
82.9425955093 3.9838675306e+43
83.1925770833 4.1184961985e+43
83.4425586574 4.23842088215e+43
83.6925402315 4.3958637086e+43
83.9425218056 4.37994650142e+43
84.1925033796 4.62510734528e+43
84.4424849537 4.54055262764e+43
84.6924665278 4.43691424849e+43
84.9424481019 4.69030458646e+43
85.1924296759 4.66146964782e+43
85.44241125 4.99719086515e+43
85.6923928241 4.80640597592e+43
85.9423743981 4.91902009308e+43
86.1923559722 4.91074050476e+43
86.4423375463 4.86205005048e+43
86.6923191204 5.0813993954e+43
86.9423006944 5.06186795914e+43
87.1922822685 4.99326220903e+43
87.4422638426 5.07507968626e+43
87.6922454167 5.41016431028e+43
87.9422269907 5.22766557553e+43
88.1922085648 5.52622762944e+43
88.4421901389 5.16331476439e+43
88.692171713 5.54670952215e+43
88.942153287 5.38473222796e+43
89.1921348611 5.21726054156e+43
89.4421164352 5.5211494942e+43
89.6920980093 5.62695989603e+43
89.9420795833 5.56322969627e+43
90.1920611574 5.71796238625e+43
90.4420427315 5.69384569697e+43
90.6920243056 5.77135691514e+43
90.9420058796 5.83156846772e+43
91.1919874537 5.54478801706e+43
91.4419690278 5.86957181871e+43
91.6919506019 5.95130289029e+43
91.9419321759 5.88695306344e+43
92.19191375 5.85337763258e+43
92.4418953241 5.87346213702e+43
92.6918768981 5.91688470737e+43
92.9418584722 5.9925823851e+43
93.1918400463 6.04668072397e+43
93.4418216204 6.12193427475e+43
93.6918031944 6.08816576701e+43
93.9417847685 6.04206391118e+43
94.1917663426 5.93138907848e+43
94.4417479167 6.20011882877e+43
94.6917294907 6.22900945722e+43
94.9417110648 5.99019169655e+43
95.1916926389 6.58328459092e+43
95.441674213 6.23317263585e+43
95.691655787 6.54215497737e+43
95.9416373611 6.48839731925e+43
96.1916189352 6.59599289201e+43
96.4416005093 6.75257853647e+43
96.6915820833 6.60564003109e+43
96.9415636574 6.81651407357e+43
97.1915452315 6.77522093123e+43
97.4415268056 7.10590201048e+43
97.6915083796 7.18892587197e+43
97.9414899537 7.12499549249e+43
98.1914715278 7.27128650427e+43
98.4414531019 7.23179362185e+43
98.6914346759 7.30799920492e+43
98.94141625 7.39333080598e+43
99.1913978241 7.32509868398e+43
99.4413793981 7.70364843819e+43
99.6913609722 7.60603711413e+43
99.9413425463 7.27216705642e+43
100.19132412 7.38401273362e+43
100.441305694 7.91101150259e+43
100.691287269 7.63595462496e+43
100.941268843 8.02081652035e+43
101.191250417 7.87352410262e+43
101.441231991 7.95497075357e+43
101.691213565 7.91142063235e+43
101.941195139 7.89633723083e+43
102.191176713 8.05807438981e+43
102.441158287 8.10489117425e+43
102.691139861 8.2735106547e+43
102.941121435 8.24464361248e+43
103.191103009 8.16113380372e+43
103.441084583 8.14370677129e+43
103.691066157 8.33356307837e+43
103.941047731 8.4675831243e+43
104.191029306 8.48199021307e+43
104.44101088 8.41940180059e+43
104.690992454 8.59563163654e+43
104.940974028 8.620982617e+43
105.190955602 8.58510867446e+43
105.440937176 8.83406639915e+43
105.69091875 8.86655754068e+43
105.940900324 8.91226674321e+43
106.190881898 8.7765195271e+43
106.440863472 8.96927983881e+43
106.690845046 9.04794985658e+43
106.94082662 9.07045281286e+43
107.190808194 8.91499461292e+43
107.440789769 8.9988560399e+43
107.690771343 9.6410780425e+43
107.940752917 9.26516816593e+43
108.190734491 9.41441286054e+43
108.440716065 9.35974356018e+43
108.690697639 9.53768934526e+43
108.940679213 9.37793578793e+43
109.190660787 9.30451312747e+43
109.440642361 9.54263101068e+43
109.690623935 9.59793351674e+43
109.940605509 9.83930421465e+43
110.190587083 9.72136230307e+43
110.440568657 9.7332378348e+43
110.690550231 9.72139017106e+43
110.940531806 9.76811581618e+43
111.19051338 9.70425898209e+43
111.440494954 9.89477790912e+43
111.690476528 9.96805466518e+43
111.940458102 1.00637163759e+44
112.190439676 1.00912909058e+44
112.44042125 1.01705818315e+44
112.690402824 1.0256638499e+44
112.940384398 1.02898831069e+44
113.190365972 1.03270650422e+44
113.440347546 1.04073292591e+44
113.69032912 1.05417802429e+44
113.940310694 1.05023881443e+44
114.190292269 1.08183688888e+44
114.440273843 1.07440308474e+44
114.690255417 1.09856529325e+44
114.940236991 1.08943897465e+44
115.190218565 1.08881696498e+44
115.440200139 1.07180732456e+44
115.690181713 1.09305027799e+44
115.940163287 1.10417201653e+44
116.190144861 1.11840711298e+44
116.440126435 1.12808211676e+44
116.690108009 1.142743511e+44
116.940089583 1.1512305852e+44
117.190071157 1.12366743563e+44
117.440052731 1.12481497036e+44
117.690034306 1.1200199984e+44
117.94001588 1.15433225672e+44
118.189997454 1.15484907491e+44
118.439979028 1.15097762202e+44
118.689960602 1.14681338585e+44
118.939942176 1.16045752054e+44
119.18992375 1.16344448294e+44
119.439905324 1.18702736222e+44
119.689886898 1.2009620635e+44
119.939868472 1.2017690615e+44
120.189850046 1.20473718159e+44
120.43983162 1.2181797719e+44
120.689813194 1.23415427487e+44
120.939794769 1.22214980306e+44
121.189776343 1.22634104112e+44
121.439757917 1.24607563547e+44
121.689739491 1.25016094083e+44
121.939721065 1.23653411482e+44
122.189702639 1.25118138855e+44
122.439684213 1.26157909523e+44
122.689665787 1.27500804659e+44
122.939647361 1.28576414323e+44
123.189628935 1.26998215062e+44
123.439610509 1.25673980488e+44
123.689592083 1.2898760309e+44
123.939573657 1.31355069495e+44
124.189555231 1.29015553815e+44
124.439536806 1.31251241427e+44
124.68951838 1.32469992911e+44
124.939499954 1.32646973133e+44
125.189481528 1.31202208865e+44
125.439463102 1.2959935868e+44
125.689444676 1.35987366689e+44
125.93942625 1.33017820172e+44
126.189407824 1.34286545042e+44
126.439389398 1.33242885987e+44
126.689370972 1.32443108517e+44
126.939352546 1.37011521324e+44
127.18933412 1.35645661952e+44
127.439315694 1.36576137496e+44
127.689297269 1.37567019616e+44
127.939278843 1.37070397652e+44
128.189260417 1.36761727268e+44
128.439241991 1.38587825652e+44
128.689223565 1.39181943752e+44
128.939205139 1.369324648e+44
129.189186713 1.35644402851e+44
129.439168287 1.37995664754e+44
129.689149861 1.3854041846e+44
129.939131435 1.40020125039e+44
130.189113009 1.41155378073e+44
130.439094583 1.38919821489e+44
130.689076157 1.39789048466e+44
130.939057731 1.41170303666e+44
131.189039306 1.41786999661e+44
131.43902088 1.404056297e+44
131.689002454 1.44366453009e+44
131.938984028 1.40714874953e+44
132.188965602 1.4698081085e+44
132.438947176 1.46194421628e+44
132.68892875 1.47254833163e+44
132.938910324 1.45788275889e+44
133.188891898 1.4791875743e+44
133.438873472 1.48719758122e+44
133.688855046 1.45947082873e+44
133.93883662 1.46046416023e+44
134.188818194 1.48605403415e+44
134.438799769 1.47484241591e+44
134.688781343 1.49057845511e+44
134.938762917 1.4923006398e+44
135.188744491 1.50347512622e+44
135.438726065 1.54111462581e+44
135.688707639 1.51613159459e+44
135.938689213 1.51355974239e+44
136.188670787 1.51039530308e+44
136.438652361 1.54473852381e+44
136.688633935 1.52903419944e+44
136.938615509 1.55532425644e+44
137.188597083 1.53286225966e+44
137.438578657 1.53399765618e+44
137.688560231 1.51157732795e+44
137.938541806 1.52579746458e+44
138.18852338 1.55583382716e+44
138.438504954 1.54713900668e+44
138.688486528 1.55747011912e+44
138.938468102 1.55914062684e+44
139.188449676 1.55185355923e+44
139.43843125 1.58709186818e+44
139.688412824 1.57489935676e+44
139.938394398 1.57523827663e+44
140.188375972 1.57525184745e+44
140.438357546 1.5687165372e+44
140.68833912 1.56722905681e+44
140.938320694 1.61879654816e+44
141.188302269 1.59333020908e+44
141.438283843 1.58878588016e+44
141.688265417 1.57901009316e+44
141.938246991 1.60446425581e+44
142.188228565 1.59702822679e+44
142.438210139 1.62047593943e+44
142.688191713 1.63433949412e+44
142.938173287 1.59518959556e+44
143.188154861 1.6389886666e+44
143.438136435 1.59947559339e+44
143.688118009 1.61691973747e+44
143.938099583 1.62216431809e+44
144.188081157 1.64090897493e+44
144.438062731 1.61588346972e+44
144.688044306 1.61498293245e+44
144.93802588 1.60106235153e+44
145.188007454 1.65593321066e+44
145.437989028 1.6409432117e+44
145.687970602 1.65964032086e+44
145.937952176 1.6650241312e+44
146.18793375 1.66268647508e+44
146.437915324 1.64174890518e+44
146.687896898 1.67398962864e+44
146.937878472 1.64469411209e+44
147.187860046 1.6721892742e+44
147.43784162 1.66429020319e+44
147.687823194 1.66239167546e+44
147.937804769 1.66197689249e+44
148.187786343 1.65352656792e+44
148.437767917 1.66022782541e+44
148.687749491 1.6635333102e+44
148.937731065 1.6518473235e+44
149.187712639 1.66362414428e+44
149.437694213 1.71259100634e+44
149.687675787 1.66418088923e+44
149.937657361 1.67798056872e+44
150.187638935 1.68581751079e+44
150.437620509 1.67685557083e+44
150.687602083 1.71045097215e+44
150.937583657 1.68309653458e+44
151.187565231 1.68696179139e+44
151.437546806 1.71420555677e+44
151.68752838 1.72437208566e+44
151.937509954 1.70815468905e+44
152.187491528 1.69241798481e+44
152.437473102 1.68333920706e+44
152.687454676 1.71332863954e+44
152.93743625 1.67280863777e+44
153.187417824 1.71485382687e+44
153.437399398 1.72012933688e+44
153.687380972 1.70292334591e+44
153.937362546 1.69322964172e+44
154.18734412 1.72936098793e+44
154.437325694 1.72475528247e+44
154.687307269 1.70258804427e+44
154.937288843 1.76045896256e+44
155.187270417 1.72236143707e+44
155.437251991 1.7037951041e+44
155.687233565 1.72048389178e+44
155.937215139 1.73572785925e+44
156.187196713 1.74485423003e+44
156.437178287 1.72844920855e+44
156.687159861 1.70834904595e+44
156.937141435 1.73836637694e+44
157.187123009 1.75107402588e+44
157.437104583 1.75120292351e+44
157.687086157 1.73397831606e+44
157.937067731 1.72364369147e+44
158.187049306 1.77371233089e+44
158.43703088 1.73819281194e+44
158.687012454 1.74249875037e+44
158.936994028 1.71850212858e+44
159.186975602 1.73966744396e+44
159.436957176 1.73649908089e+44
159.68693875 1.76227687622e+44
159.936920324 1.77490174105e+44
160.186901898 1.77258016549e+44
160.436883472 1.72396328712e+44
160.686865046 1.7380292773e+44
160.93684662 1.74094823576e+44
161.186828194 1.75023671283e+44
161.436809769 1.75892181341e+44
161.686791343 1.73962964235e+44
161.936772917 1.75064473034e+44
162.186754491 1.7429792042e+44
162.436736065 1.75040318015e+44
162.686717639 1.74524127735e+44
162.936699213 1.75916148825e+44
163.186680787 1.76567890675e+44
163.436662361 1.75587245226e+44
163.686643935 1.75396834718e+44
163.936625509 1.74082754098e+44
164.186607083 1.73186444102e+44
164.436588657 1.74523343106e+44
164.686570231 1.77148915585e+44
164.936551806 1.76381132754e+44
165.18653338 1.76555894368e+44
165.436514954 1.75380729183e+44
165.686496528 1.78462692927e+44
165.936478102 1.75748054601e+44
166.186459676 1.76231905122e+44
166.43644125 1.76454140289e+44
166.686422824 1.7684894814e+44
166.936404398 1.77361089678e+44
167.186385972 1.76766073688e+44
167.436367546 1.75983410394e+44
167.68634912 1.75940483651e+44
167.936330694 1.77591430889e+44
168.186312269 1.78173344282e+44
168.436293843 1.7552702158e+44
168.686275417 1.78381858772e+44
168.936256991 1.74990694896e+44
169.186238565 1.75435416335e+44
169.436220139 1.77954374359e+44
169.686201713 1.75202774961e+44
169.936183287 1.79609200166e+44
170.186164861 1.77684636826e+44
170.436146435 1.77913497832e+44
170.686128009 1.75146415337e+44
170.936109583 1.77095176758e+44
171.186091157 1.7690893403e+44
171.436072731 1.75886239117e+44
171.686054306 1.76256432949e+44
171.93603588 1.73044630042e+44
172.186017454 1.76384281274e+44
172.435999028 1.73957435789e+44
172.685980602 1.77321270959e+44
172.935962176 1.75115411448e+44
173.18594375 1.7386789799e+44
173.435925324 1.74903725287e+44
173.685906898 1.77866503094e+44
173.935888472 1.74137828857e+44
174.185870046 1.75995599499e+44
174.43585162 1.74688452869e+44
174.685833194 1.76203463505e+44
174.935814769 1.74323233012e+44
175.185796343 1.74634453886e+44
175.435777917 1.75690469301e+44
175.685759491 1.76421692946e+44
175.935741065 1.76018249279e+44
176.185722639 1.75220698794e+44
176.435704213 1.73766991695e+44
176.685685787 1.76078706775e+44
176.935667361 1.73340076014e+44
177.185648935 1.72770583655e+44
177.435630509 1.73775302898e+44
177.685612083 1.74437086686e+44
177.935593657 1.7154329758e+44
178.185575231 1.73590586419e+44
178.435556806 1.71064702743e+44
178.68553838 1.75483571673e+44
178.935519954 1.72496766705e+44
179.185501528 1.74444546249e+44
179.435483102 1.74390356149e+44
179.685464676 1.73762925111e+44
179.93544625 1.73071334111e+44
180.185427824 1.74423087994e+44
180.435409398 1.72978336252e+44
180.685390972 1.74979685678e+44
180.935372546 1.71713198351e+44
181.18535412 1.73250235067e+44
181.435335694 1.73021276033e+44
181.685317269 1.68967563508e+44
181.935298843 1.69125344267e+44
182.185280417 1.69838746512e+44
182.435261991 1.73305855119e+44
182.685243565 1.70744725275e+44
182.935225139 1.6892639108e+44
183.185206713 1.69574701833e+44
183.435188287 1.70536961396e+44
183.685169861 1.70777613823e+44
183.935151435 1.70301069253e+44
184.185133009 1.72619895127e+44
184.435114583 1.72017295873e+44
184.685096157 1.68116055304e+44
184.935077731 1.68489669625e+44
185.185059306 1.71736250599e+44
185.43504088 1.70213380501e+44
185.685022454 1.68022005166e+44
185.935004028 1.68817685472e+44
186.184985602 1.7026846637e+44
186.434967176 1.6822367532e+44
186.68494875 1.653384036e+44
186.934930324 1.64117703447e+44
187.184911898 1.6923788704e+44
187.434893472 1.66129984528e+44
187.684875046 1.69075943265e+44
187.93485662 1.65818184634e+44
188.184838194 1.66609652118e+44
188.434819769 1.66480262716e+44
188.684801343 1.65244648008e+44
188.934782917 1.66324862988e+44
189.184764491 1.66451019212e+44
189.434746065 1.64791990068e+44
189.684727639 1.68916888623e+44
189.934709213 1.66628916428e+44
190.184690787 1.64846285738e+44
190.434672361 1.67096775394e+44
190.684653935 1.6438524062e+44
190.934635509 1.6506794431e+44
191.184617083 1.63483805646e+44
191.434598657 1.63301894253e+44
191.684580231 1.64410432729e+44
191.934561806 1.65143735944e+44
192.18454338 1.61925511203e+44
192.434524954 1.6163861174e+44
192.684506528 1.61934025537e+44
192.934488102 1.62104412631e+44
193.184469676 1.60264934695e+44
193.43445125 1.61206138583e+44
193.684432824 1.63087036607e+44
193.934414398 1.6283998122e+44
194.184395972 1.60471315906e+44
194.434377546 1.60188364002e+44
194.68435912 1.58879066706e+44
194.934340694 1.58544127008e+44
195.184322269 1.61262346196e+44
195.434303843 1.59679187608e+44
195.684285417 1.59773385523e+44
195.934266991 1.57978399703e+44
196.184248565 1.58795267732e+44
196.434230139 1.59214725633e+44
196.684211713 1.54603808888e+44
196.934193287 1.59206311792e+44
197.184174861 1.58174270606e+44
197.434156435 1.54101858424e+44
197.684138009 1.58302125045e+44
197.934119583 1.56663651907e+44
198.184101157 1.55220872865e+44
198.434082731 1.57165849357e+44
198.684064306 1.56562051374e+44
198.93404588 1.5372513031e+44
199.184027454 1.51143711466e+44
199.434009028 1.54221957497e+44
199.683990602 1.54334163355e+44
199.933972176 1.55826492221e+44
200.18395375 1.54652962111e+44
200.433935324 1.49755606686e+44
200.683916898 1.49624438611e+44
200.933898472 1.53236024431e+44
201.183880046 1.51485931431e+44
201.43386162 1.49363412973e+44
201.683843194 1.52544509344e+44
201.933824769 1.49376610429e+44
202.183806343 1.49774613082e+44
202.433787917 1.48490885813e+44
202.683769491 1.48189314931e+44
202.933751065 1.48304475016e+44
203.183732639 1.46688389925e+44
203.433714213 1.48026980413e+44
203.683695787 1.47275443403e+44
203.933677361 1.45665539292e+44
204.183658935 1.46802989257e+44
204.433640509 1.4609122881e+44
204.683622083 1.43735236435e+44
204.933603657 1.44205709456e+44
205.183585231 1.46755792802e+44
205.433566806 1.42041270445e+44
205.68354838 1.42541531873e+44
205.933529954 1.44059730558e+44
206.183511528 1.43555059384e+44
206.433493102 1.40482615522e+44
206.683474676 1.40418830555e+44
206.93345625 1.41377853605e+44
207.183437824 1.41420650002e+44
207.433419398 1.43085473589e+44
207.683400972 1.40070287773e+44
207.933382546 1.41068420594e+44
208.18336412 1.40968448129e+44
208.433345694 1.40593632171e+44
208.683327269 1.37979853078e+44
208.933308843 1.39106113243e+44
209.183290417 1.39825141943e+44
209.433271991 1.37957648145e+44
209.683253565 1.3642045252e+44
209.933235139 1.37999311171e+44
210.183216713 1.34495337357e+44
210.433198287 1.35684755167e+44
210.683179861 1.37869184264e+44
210.933161435 1.34328206218e+44
211.183143009 1.34307397798e+44
211.433124583 1.35421231473e+44
211.683106157 1.33401571238e+44
211.933087731 1.34129194113e+44
212.183069306 1.32499808949e+44
212.43305088 1.32460030698e+44
212.683032454 1.32966139349e+44
212.933014028 1.30944403174e+44
213.182995602 1.27522513865e+44
213.432977176 1.31059268322e+44
213.68295875 1.32077192009e+44
213.932940324 1.30145581771e+44
214.182921898 1.29588409052e+44
214.432903472 1.27480496466e+44
214.682885046 1.287985348e+44
214.93286662 1.26392186209e+44
215.182848194 1.26895868528e+44
215.432829769 1.24846050813e+44
215.682811343 1.25462523926e+44
215.932792917 1.25542811478e+44
216.182774491 1.24207785987e+44
216.432756065 1.24155686055e+44
216.682737639 1.22613415655e+44
216.932719213 1.23759696088e+44
217.182700787 1.23524242104e+44
217.432682361 1.22578357391e+44
217.682663935 1.22511433586e+44
217.932645509 1.21236565969e+44
218.182627083 1.22773094118e+44
218.432608657 1.19972529145e+44
218.682590231 1.2096427278e+44
218.932571806 1.20866820746e+44
219.18255338 1.19161651151e+44
219.432534954 1.17473727595e+44
219.682516528 1.17284986714e+44
219.932498102 1.17183808717e+44
220.182479676 1.16768687755e+44
220.43246125 1.17394306632e+44
220.682442824 1.16028328907e+44
220.932424398 1.14603322882e+44
221.182405972 1.15488069027e+44
221.432387546 1.15078875035e+44
221.68236912 1.13288433013e+44
221.932350694 1.14591900706e+44
222.182332269 1.12672940701e+44
222.432313843 1.12562165705e+44
222.682295417 1.1161286294e+44
222.932276991 1.12407496074e+44
223.182258565 1.10552223485e+44
223.432240139 1.11311302634e+44
223.682221713 1.11148056456e+44
223.932203287 1.10124757122e+44
224.182184861 1.09805245719e+44
224.432166435 1.07935776884e+44
224.682148009 1.0965087324e+44
224.932129583 1.10843742258e+44
225.182111157 1.09792459316e+44
225.432092731 1.09676186867e+44
225.682074306 1.08564685948e+44
225.93205588 1.06582532486e+44
226.182037454 1.08280726183e+44
226.432019028 1.05266614362e+44
226.682000602 1.07036778069e+44
226.931982176 1.0673021275e+44
227.18196375 1.0643242252e+44
227.431945324 1.067487613e+44
227.681926898 1.05750030081e+44
227.931908472 1.05107279923e+44
228.181890046 1.05387798111e+44
228.43187162 1.0482325458e+44
228.681853194 1.05760865371e+44
228.931834769 1.03106540748e+44
229.181816343 1.03271367884e+44
229.431797917 1.02262142036e+44
229.681779491 1.00221264461e+44
229.931761065 1.03148388049e+44
230.181742639 1.00712173966e+44
230.431724213 1.00728305674e+44
230.681705787 1.00311013117e+44
230.931687361 1.00177659364e+44
231.181668935 9.89703908715e+43
231.431650509 9.86585633353e+43
231.681632083 9.94358385848e+43
231.931613657 9.78483869666e+43
232.181595231 9.89485729895e+43
232.431576806 9.69729991177e+43
232.68155838 9.78860238464e+43
232.931539954 9.64216104652e+43
233.181521528 9.58516550381e+43
233.431503102 9.5532625994e+43
233.681484676 9.74145309367e+43
233.93146625 9.64338381873e+43
234.181447824 9.50353889911e+43
234.431429398 9.578376495e+43
234.681410972 9.55268603881e+43
234.931392546 9.3804646572e+43
235.18137412 9.4947744457e+43
235.431355694 9.31722724651e+43
235.681337269 9.41250112479e+43
235.931318843 9.3480259298e+43
236.181300417 9.19401928737e+43
236.431281991 9.01435448321e+43
236.681263565 9.06920091845e+43
236.931245139 9.24755900137e+43
237.181226713 8.99461926204e+43
237.431208287 9.07042466877e+43
237.681189861 8.99027849043e+43
237.931171435 9.12333036258e+43
238.181153009 8.94337363358e+43
238.431134583 9.00427987976e+43
238.681116157 8.99575559317e+43
238.931097731 8.78671685117e+43
239.181079306 8.72321963956e+43
239.43106088 8.75932271536e+43
239.681042454 8.82736837084e+43
239.931024028 8.67284378276e+43
240.181005602 8.65386627536e+43
240.430987176 8.82690841756e+43
240.68096875 8.50257880574e+43
240.930950324 8.64583596922e+43
241.180931898 8.58648989497e+43
241.430913472 8.42211535017e+43
241.680895046 8.54924841004e+43
241.93087662 8.45796520204e+43
242.180858194 8.39130404957e+43
242.430839769 8.4861596478e+43
242.680821343 8.44730384407e+43
242.930802917 8.41779433127e+43
243.180784491 8.26766828207e+43
243.430766065 8.24248775495e+43
243.680747639 8.27102405743e+43
243.930729213 8.16606822945e+43
244.180710787 8.28099204413e+43
244.430692361 8.32668511434e+43
244.680673935 8.14618884828e+43
244.930655509 8.13799615558e+43
245.180637083 8.03593055842e+43
245.430618657 8.18283708927e+43
245.680600231 8.03645806354e+43
245.930581806 8.00244566374e+43
246.18056338 8.08211300658e+43
246.430544954 7.89653509359e+43
246.680526528 7.88511728167e+43
246.930508102 7.94605434922e+43
247.180489676 7.92296351919e+43
247.43047125 7.88343149002e+43
247.680452824 7.88405095724e+43
247.930434398 7.88156543548e+43
248.180415972 7.77105492852e+43
248.430397546 7.5391039657e+43
248.68037912 7.78496598231e+43
248.930360694 7.68476171004e+43
249.180342269 7.71982666701e+43
249.430323843 7.70891893322e+43
249.680305417 7.65988446822e+43
249.930286991 7.49172231432e+43
250.180268565 7.50683126766e+43
250.430250139 7.54719768534e+43
250.680231713 7.4838863108e+43
250.930213287 7.42747311973e+43
251.180194861 7.49106932927e+43
251.430176435 7.28803581794e+43
251.680158009 7.51487868926e+43
251.930139583 7.39186228828e+43
252.180121157 7.28466698109e+43
252.430102731 7.38488520351e+43
252.680084306 7.33265511607e+43
252.93006588 7.32227100258e+43
253.180047454 7.18364138233e+43
253.430029028 7.34408601022e+43
253.680010602 7.20147465145e+43
253.929992176 7.10208967118e+43
254.17997375 7.08183399571e+43
254.429955324 7.13314396789e+43
254.679936898 6.94142330533e+43
254.929918472 7.00693803232e+43
255.179900046 7.05260096428e+43
255.42988162 6.9658217493e+43
255.679863194 6.98136094879e+43
255.929844769 7.03584448919e+43
256.179826343 7.08141786739e+43
256.429807917 6.98583674927e+43
256.679789491 6.85962937631e+43
256.929771065 6.88017859089e+43
257.179752639 7.04113213466e+43
257.429734213 6.85945126587e+43
257.679715787 6.91514952451e+43
257.929697361 6.85446667664e+43
258.179678935 6.73216162608e+43
258.429660509 6.68258697317e+43
258.679642083 6.62003209648e+43
258.929623657 6.76007233344e+43
259.179605231 6.56744041726e+43
259.429586806 6.63032609601e+43
259.67956838 6.52899157548e+43
259.929549954 6.54560756329e+43
260.179531528 6.45112547717e+43
260.429513102 6.53193388669e+43
260.679494676 6.43605733432e+43
260.92947625 6.42906948356e+43
261.179457824 6.46213549098e+43
261.429439398 6.4459596213e+43
261.679420972 6.4637269021e+43
261.929402546 6.49228137144e+43
262.17938412 6.38330477696e+43
262.429365694 6.33319977799e+43
262.679347269 6.36090424084e+43
262.929328843 6.41624160396e+43
263.179310417 6.29209102868e+43
263.429291991 6.2425605526e+43
263.679273565 6.15612585995e+43
263.929255139 6.22346802271e+43
264.179236713 6.03394760113e+43
264.429218287 6.07350864673e+43
264.679199861 6.26004336544e+43
264.929181435 6.02407247574e+43
265.179163009 6.1360957922e+43
265.429144583 6.05388058437e+43
265.679126157 6.028645492e+43
265.929107731 6.04641034303e+43
266.179089306 6.08400134669e+43
266.42907088 6.09697506276e+43
266.679052454 6.04321879625e+43
266.929034028 6.02963719672e+43
267.179015602 5.8734401939e+43
267.428997176 5.93762230356e+43
267.67897875 5.93687460914e+43
267.928960324 5.80843341376e+43
268.178941898 5.83399437042e+43
268.428923472 5.89416878665e+43
268.678905046 5.77479013639e+43
268.92888662 5.67328959521e+43
269.178868194 5.77349931364e+43
269.428849769 5.83732882495e+43
269.678831343 5.60333836449e+43
269.928812917 5.65918982178e+43
270.178794491 5.57708541071e+43
270.428776065 5.65956357933e+43
270.678757639 5.64180638852e+43
270.928739213 5.73610321523e+43
271.178720787 5.57466260103e+43
271.428702361 5.5289432805e+43
271.678683935 5.51896745869e+43
271.928665509 5.53216629129e+43
272.178647083 5.45697582534e+43
272.428628657 5.49286588139e+43
272.678610231 5.45459990802e+43
272.928591806 5.36921914036e+43
273.17857338 5.31665640374e+43
273.428554954 5.41597866537e+43
273.678536528 5.29856712057e+43
273.928518102 5.56326170417e+43
274.178499676 5.40557633524e+43
274.42848125 5.30653907161e+43
274.678462824 5.31822668945e+43
274.928444398 5.38174657954e+43
275.178425972 5.34951897445e+43
275.428407546 5.35532928388e+43
275.67838912 5.41553048264e+43
275.928370694 5.23414504059e+43
276.178352269 5.31441569625e+43
276.428333843 5.25337256533e+43
276.678315417 5.14934323058e+43
276.928296991 5.19952610022e+43
277.178278565 5.22039812688e+43
277.428260139 5.00440701955e+43
277.678241713 5.1562534592e+43
277.928223287 5.1191704393e+43
278.178204861 5.13884775543e+43
278.428186435 5.12110958703e+43
278.678168009 5.01252130299e+43
278.928149583 5.10919151817e+43
279.178131157 4.97013267515e+43
279.428112731 5.01733593796e+43
279.678094306 5.00683333802e+43
279.92807588 5.0219512484e+43
280.178057454 4.97455275886e+43
280.428039028 4.9631327e+43
280.678020602 5.0685614397e+43
280.928002176 4.90481345277e+43
281.17798375 4.88627383818e+43
281.427965324 4.85130352781e+43
281.677946898 4.90060829964e+43
281.927928472 4.93818327989e+43
282.177910046 4.99041846279e+43
282.42789162 4.74840581669e+43
282.677873194 4.71881870762e+43
282.927854769 4.83096677145e+43
283.177836343 4.75439751811e+43
283.427817917 4.75925718423e+43
283.677799491 4.7583044153e+43
283.927781065 4.73303987378e+43
284.177762639 4.72959810987e+43
284.427744213 4.67359192684e+43
284.677725787 4.64046574803e+43
284.927707361 4.6444935725e+43
285.177688935 4.67830912958e+43
285.427670509 4.58499786125e+43
285.677652083 4.61783562681e+43
285.927633657 4.58683950737e+43
286.177615231 4.58277297869e+43
286.427596806 4.5978375395e+43
286.67757838 4.58599502723e+43
286.927559954 4.53260669776e+43
287.177541528 4.50764000726e+43
287.427523102 4.46500259156e+43
287.677504676 4.55933858546e+43
287.92748625 4.5495678787e+43
288.177467824 4.49742778556e+43
288.427449398 4.53524184987e+43
288.677430972 4.4350041557e+43
288.927412546 4.38841826347e+43
289.17739412 4.53221686286e+43
289.427375694 4.37157249319e+43
289.677357269 4.43802825606e+43
289.927338843 4.40458766973e+43
290.177320417 4.40856510257e+43
290.427301991 4.2638647092e+43
290.677283565 4.32188014568e+43
290.927265139 4.34836745935e+43
291.177246713 4.23840889066e+43
291.427228287 4.28888448549e+43
291.677209861 4.19026119669e+43
291.927191435 4.25116988908e+43
292.177173009 4.32187522282e+43
292.427154583 4.25413291187e+43
292.677136157 4.22039938536e+43
292.927117731 4.21938807235e+43
293.177099306 4.19376619287e+43
293.42708088 4.09779038864e+43
293.677062454 4.12267901536e+43
293.927044028 4.21665103339e+43
294.177025602 4.22306892237e+43
294.427007176 4.13775885531e+43
294.67698875 4.10694237076e+43
294.926970324 4.13669182473e+43
295.176951898 4.03624061507e+43
295.426933472 4.09548891592e+43
295.676915046 4.03833899581e+43
295.92689662 4.03561733776e+43
296.176878194 4.02575609909e+43
296.426859769 3.97450784919e+43
296.676841343 4.02167578168e+43
296.926822917 4.00548987429e+43
297.176804491 3.97649394447e+43
297.426786065 3.9902473105e+43
297.676767639 3.94454009207e+43
297.926749213 3.98500705375e+43
298.176730787 3.78609156368e+43
298.426712361 3.91049745411e+43
298.676693935 3.91777151087e+43
298.926675509 3.87443983359e+43
299.176657083 3.90900125979e+43
299.426638657 3.85957085147e+43
299.676620231 3.80114465241e+43
299.926601806 3.84478650398e+43
300.17658338 3.86095179725e+43
300.426564954 3.77087191634e+43
300.676546528 3.76516415209e+43
300.926528102 3.78021082618e+43
301.176509676 3.68013248789e+43
301.42649125 3.75896358202e+43
301.676472824 3.80001417328e+43
301.926454398 3.79525252278e+43
302.176435972 3.61340536122e+43
302.426417546 3.78350934577e+43
302.67639912 3.69122268803e+43
302.926380694 3.60041592798e+43
303.176362269 3.73210684373e+43
303.426343843 3.62198591501e+43
303.676325417 3.6583151212e+43
303.926306991 3.60008916309e+43
304.176288565 3.67535418716e+43
304.426270139 3.67257770131e+43
304.676251713 3.56226527521e+43
304.926233287 3.64230062512e+43
305.176214861 3.55516713778e+43
305.426196435 3.57810045222e+43
305.676178009 3.55002105891e+43
305.926159583 3.5363379735e+43
306.176141157 3.51884012437e+43
306.426122731 3.47641229018e+43
306.676104306 3.42922126379e+43
306.92608588 3.40670738594e+43
307.176067454 3.50056325279e+43
307.426049028 3.43687672824e+43
307.676030602 3.44034290701e+43
307.926012176 3.46959521691e+43
308.17599375 3.34117120695e+43
308.425975324 3.42332370061e+43
308.675956898 3.37113116528e+43
308.925938472 3.4002878008e+43
309.175920046 3.39953576844e+43
309.42590162 3.33693752101e+43
309.675883194 3.33923326427e+43
309.925864769 3.31117979908e+43
310.175846343 3.26266952999e+43
310.425827917 3.28224157637e+43
310.675809491 3.32253395656e+43
310.925791065 3.21777973087e+43
311.175772639 3.31893887079e+43
311.425754213 3.257144548e+43
311.675735787 3.23431880031e+43
311.925717361 3.19371699993e+43
312.175698935 3.21283669658e+43
312.425680509 3.1972869927e+43
312.675662083 3.21248822989e+43
312.925643657 3.18570558383e+43
313.175625231 3.0972736147e+43
313.425606806 3.11811324996e+43
313.67558838 3.10752489681e+43
313.925569954 3.08886599812e+43
314.175551528 3.07720484001e+43
314.425533102 3.06334777472e+43
314.675514676 3.1202887197e+43
314.92549625 3.0349714793e+43
315.175477824 3.04352306612e+43
315.425459398 3.05023812832e+43
315.675440972 3.06621758914e+43
315.925422546 3.03503414645e+43
316.17540412 2.9757562341e+43
316.425385694 3.03729945924e+43
316.675367269 3.01174023414e+43
316.925348843 2.92877642348e+43
317.175330417 2.99072021525e+43
317.425311991 2.97041048291e+43
317.675293565 2.9735013892e+43
317.925275139 2.94151787418e+43
318.175256713 2.92894125821e+43
318.425238287 2.93913457826e+43
318.675219861 2.89786336935e+43
318.925201435 2.84812950062e+43
319.175183009 2.88256367673e+43
319.425164583 2.84258146908e+43
319.675146157 2.88449201004e+43
319.925127731 2.85386056531e+43
320.175109306 2.78710845846e+43
320.42509088 2.8066886641e+43
320.675072454 2.77797101565e+43
320.925054028 2.84531685353e+43
321.175035602 2.7557061245e+43
321.425017176 2.74909381588e+43
321.67499875 2.68860179115e+43
321.924980324 2.73992564548e+43
322.174961898 2.74573260683e+43
322.424943472 2.77077286546e+43
322.674925046 2.7669135802e+43
322.92490662 2.76440217625e+43
323.174888194 2.70558187792e+43
323.424869769 2.72123791314e+43
323.674851343 2.7213052466e+43
323.924832917 2.68811467659e+43
324.174814491 2.64750877792e+43
324.424796065 2.68749309199e+43
324.674777639 2.64843905915e+43
324.924759213 2.63371324081e+43
325.174740787 2.63163654563e+43
325.424722361 2.58436106329e+43
325.674703935 2.57621926297e+43
325.924685509 2.59685602115e+43
326.174667083 2.53042613936e+43
326.424648657 2.55206926724e+43
326.674630231 2.6117683711e+43
326.924611806 2.59021422189e+43
327.17459338 2.53871263376e+43
327.424574954 2.54824104e+43
327.674556528 2.51835092048e+43
327.924538102 2.54178480946e+43
328.174519676 2.54265665965e+43
328.42450125 2.4699478915e+43
328.674482824 2.40281448652e+43
328.924464398 2.4805915527e+43
329.174445972 2.42000501561e+43
329.424427546 2.45610893866e+43
329.67440912 2.50222292644e+43
329.924390694 2.46039922183e+43
330.174372269 2.45037647067e+43
330.424353843 2.41282532426e+43
330.674335417 2.44584027679e+43
330.924316991 2.39613711056e+43
331.174298565 2.43734635221e+43
331.424280139 2.3528805855e+43
331.674261713 2.39929858349e+43
331.924243287 2.38219817135e+43
332.174224861 2.36003007463e+43
332.424206435 2.37364384372e+43
332.674188009 2.35658370423e+43
332.924169583 2.33049594857e+43
333.174151157 2.32152175147e+43
333.424132731 2.34555278253e+43
333.674114306 2.33387984126e+43
333.92409588 2.32301634243e+43
334.174077454 2.33839987657e+43
334.424059028 2.26250448185e+43
334.674040602 2.28239333082e+43
334.924022176 2.25703069336e+43
335.17400375 2.30680309197e+43
335.423985324 2.20766376379e+43
335.673966898 2.27433169582e+43
335.923948472 2.24985497213e+43
336.173930046 2.2056206118e+43
336.42391162 2.19064953274e+43
336.673893194 2.2322724848e+43
336.923874769 2.26031167393e+43
337.173856343 2.18742173462e+43
337.423837917 2.1349883543e+43
337.673819491 2.22191956965e+43
337.923801065 2.25938000562e+43
338.173782639 2.18187699691e+43
338.423764213 2.21734393623e+43
338.673745787 2.15077265224e+43
338.923727361 2.17549707511e+43
339.173708935 2.12145822411e+43
339.423690509 2.1361327288e+43
339.673672083 2.14151456824e+43
339.923653657 2.13218432149e+43
340.173635231 2.17076937268e+43
340.423616806 2.12137019159e+43
340.67359838 2.14616738807e+43
340.923579954 2.1342105223e+43
341.173561528 2.09513388161e+43
341.423543102 2.10163015195e+43
341.673524676 2.0924582128e+43
341.92350625 2.0603733497e+43
342.173487824 2.10403940427e+43
342.423469398 2.07497568012e+43
342.673450972 2.04883084279e+43
342.923432546 2.08624017898e+43
343.17341412 2.04666812047e+43
343.423395694 2.02490976929e+43
343.673377269 2.065295455e+43
343.923358843 2.00607017462e+43
344.173340417 2.01855109767e+43
344.423321991 2.03091385056e+43
344.673303565 2.05023488193e+43
344.923285139 2.05491995514e+43
345.173266713 2.01505433573e+43
345.423248287 1.99465021785e+43
345.673229861 1.9825921464e+43
345.923211435 1.98582592078e+43
346.173193009 1.97965683252e+43
346.423174583 1.95573849914e+43
346.673156157 1.9433537231e+43
346.923137731 1.93366766247e+43
347.173119306 1.94184479261e+43
347.42310088 1.98316993153e+43
347.673082454 1.94886451336e+43
347.923064028 1.9919073349e+43
348.173045602 1.94924055129e+43
348.423027176 1.89381055889e+43
348.67300875 1.93755242604e+43
348.922990324 1.91516619564e+43
349.172971898 1.90228223824e+43
349.422953472 1.89497513682e+43
349.672935046 1.87516054189e+43
349.92291662 1.89994407897e+43
350.172898194 1.87917877065e+43
350.422879769 1.91208906456e+43
350.672861343 1.88993976763e+43
350.922842917 1.87555676133e+43
351.172824491 1.86273122508e+43
351.422806065 1.87912245151e+43
351.672787639 1.88178429226e+43
351.922769213 1.82842027817e+43
352.172750787 1.82393951529e+43
352.422732361 1.8517359082e+43
352.672713935 1.81949846927e+43
352.922695509 1.83798069982e+43
353.172677083 1.87829962116e+43
353.422658657 1.78791455823e+43
353.672640231 1.79675515189e+43
353.922621806 1.78319958333e+43
354.17260338 1.81741147693e+43
354.422584954 1.83245083919e+43
354.672566528 1.7919898254e+43
354.922548102 1.76760641209e+43
355.172529676 1.76173116031e+43
355.42251125 1.77508588943e+43
355.672492824 1.74373958928e+43
355.922474398 1.76377837852e+43
356.172455972 1.76393463224e+43
356.422437546 1.76441996202e+43
356.67241912 1.74507237375e+43
356.922400694 1.75308729574e+43
357.172382269 1.71048612846e+43
357.422363843 1.74496561172e+43
357.672345417 1.75527269923e+43
357.922326991 1.71733842431e+43
358.172308565 1.70843648729e+43
358.422290139 1.70172956109e+43
358.672271713 1.74435826778e+43
358.922253287 1.70219509379e+43
359.172234861 1.6803209737e+43
359.422216435 1.67741502966e+43
359.672198009 1.65585389946e+43
359.922179583 1.71878118017e+43
360.172161157 1.69016491789e+43
360.422142731 1.67284553723e+43
360.672124306 1.63935551609e+43
360.92210588 1.64459643368e+43
361.172087454 1.68084812234e+43
361.422069028 1.66990619587e+43
361.672050602 1.63844284263e+43
361.922032176 1.66051490375e+43
362.17201375 1.62089302793e+43
362.421995324 1.67308975183e+43
362.671976898 1.6286743356e+43
362.921958472 1.63929938001e+43
363.171940046 1.63182858967e+43
363.42192162 1.62097786523e+43
363.671903194 1.59772342006e+43
363.921884769 1.60315986508e+43
364.171866343 1.61465673394e+43
364.421847917 1.6059162442e+43
364.671829491 1.59616344393e+43
364.921811065 1.61023723431e+43
365.171792639 1.58182216503e+43
365.421774213 1.56288204688e+43
365.671755787 1.54324043366e+43
365.921737361 1.58238013499e+43
366.171718935 1.59745477188e+43
366.421700509 1.55090928183e+43
366.671682083 1.58375031535e+43
366.921663657 1.53799726462e+43
367.171645231 1.55335602003e+43
367.421626806 1.56291413645e+43
367.67160838 1.54186272925e+43
367.921589954 1.54451947173e+43
368.171571528 1.56153060402e+43
368.421553102 1.52424123205e+43
368.671534676 1.5437805429e+43
368.92151625 1.53108658565e+43
369.171497824 1.5346022266e+43
369.421479398 1.508535185e+43
369.671460972 1.53777306559e+43
369.921442546 1.48578745086e+43
370.17142412 1.47679224311e+43
370.421405694 1.48789491538e+43
370.671387269 1.51793895578e+43
370.921368843 1.51501439779e+43
371.171350417 1.50793348388e+43
371.421331991 1.47429300672e+43
371.671313565 1.50336770939e+43
371.921295139 1.51925052337e+43
372.171276713 1.48566894947e+43
372.421258287 1.48194220093e+43
372.671239861 1.47154581892e+43
372.921221435 1.47348598251e+43
373.171203009 1.42332102947e+43
373.421184583 1.43509134312e+43
373.671166157 1.41816705517e+43
373.921147731 1.41817135987e+43
374.171129306 1.46018147191e+43
374.42111088 1.44339124768e+43
374.671092454 1.43679918058e+43
374.921074028 1.45974338738e+43
375.171055602 1.40055289761e+43
375.421037176 1.43277077008e+43
375.67101875 1.42065226857e+43
375.921000324 1.38116774123e+43
376.170981898 1.38019300724e+43
376.420963472 1.39282303203e+43
376.670945046 1.43286986704e+43
376.92092662 1.40283554545e+43
377.170908194 1.40180020403e+43
377.420889769 1.40854970636e+43
377.670871343 1.40200476295e+43
377.920852917 1.39365222458e+43
378.170834491 1.37794844227e+43
378.420816065 1.34865088078e+43
378.670797639 1.36912275398e+43
378.920779213 1.35444823125e+43
379.170760787 1.38635321106e+43
379.420742361 1.3723736208e+43
379.670723935 1.3665091186e+43
379.920705509 1.35249067615e+43
380.170687083 1.34679705949e+43
380.420668657 1.33006704018e+43
380.670650231 1.35326285277e+43
380.920631806 1.34473767528e+43
381.17061338 1.33376817671e+43
381.420594954 1.32448023036e+43
381.670576528 1.31008619733e+43
381.920558102 1.34007521461e+43
382.170539676 1.31320586803e+43
382.42052125 1.31100135213e+43
382.670502824 1.29434557356e+43
382.920484398 1.3177005194e+43
383.170465972 1.33119608289e+43
383.420447546 1.29180594986e+43
383.67042912 1.30219973249e+43
383.920410694 1.33105122691e+43
384.170392269 1.29595458214e+43
384.420373843 1.29165453652e+43
384.670355417 1.27954820417e+43
384.920336991 1.27509149207e+43
385.170318565 1.2724876893e+43
385.420300139 1.28925336088e+43
385.670281713 1.29547024751e+43
385.920263287 1.29104090814e+43
386.170244861 1.2648929552e+43
386.420226435 1.27599089131e+43
386.670208009 1.26511893282e+43
386.920189583 1.26141561591e+43
387.170171157 1.26624270007e+43
387.420152731 1.25768663808e+43
387.670134306 1.2169139101e+43
387.92011588 1.2380380999e+43
388.170097454 1.22026251682e+43
388.420079028 1.22653956268e+43
388.670060602 1.21624503706e+43
388.920042176 1.24873550624e+43
389.17002375 1.22339939822e+43
389.420005324 1.21770354143e+43
389.669986898 1.20655338914e+43
389.919968472 1.23343612825e+43
390.169950046 1.21374364455e+43
390.41993162 1.22360684356e+43
390.669913194 1.21034532663e+43
390.919894769 1.19661995441e+43
391.169876343 1.2120560995e+43
391.419857917 1.22051121473e+43
391.669839491 1.18015861729e+43
391.919821065 1.2063262158e+43
392.169802639 1.18479901948e+43
392.419784213 1.17949512681e+43
392.669765787 1.21076011606e+43
392.919747361 1.15989405832e+43
393.169728935 1.18333859669e+43
393.419710509 1.18200911914e+43
393.669692083 1.15615721201e+43
393.919673657 1.16955731137e+43
394.169655231 1.18432820741e+43
394.419636806 1.15885166018e+43
394.66961838 1.14736393005e+43
394.919599954 1.18442212929e+43
395.169581528 1.16138227177e+43
395.419563102 1.13688843878e+43
395.669544676 1.14373906367e+43
395.91952625 1.14503540207e+43
396.169507824 1.15095061166e+43
396.419489398 1.1151540103e+43
396.669470972 1.13107911648e+43
396.919452546 1.14425671866e+43
397.16943412 1.12291028187e+43
397.419415694 1.1230325256e+43
397.669397269 1.14324696716e+43
397.919378843 1.09776712035e+43
398.169360417 1.123279999e+43
398.419341991 1.11342592615e+43
398.669323565 1.09294122634e+43
398.919305139 1.10298182879e+43
399.169286713 1.09539322285e+43
399.419268287 1.09088388179e+43
399.669249861 1.11106401411e+43
399.919231435 1.10444043017e+43
400.169213009 1.09396910909e+43
400.419194583 1.09261258545e+43
400.669176157 1.0884209503e+43
400.919157731 1.08407988402e+43
401.169139306 1.10074098349e+43
401.41912088 1.08874863307e+43
401.669102454 1.06453442041e+43
401.919084028 1.07832102902e+43
402.169065602 1.06967407959e+43
402.419047176 1.06648572044e+43
402.66902875 1.0802891646e+43
402.919010324 1.05420476166e+43
403.168991898 1.06211553105e+43
403.418973472 1.06278232664e+43
403.668955046 1.05028975986e+43
403.91893662 1.08622854973e+43
404.168918194 1.05294903226e+43
404.418899769 1.06483691009e+43
404.668881343 1.03618404494e+43
404.918862917 1.03592697453e+43
405.168844491 1.02928354287e+43
405.418826065 1.01431919935e+43
405.668807639 1.02435754895e+43
405.918789213 1.02606734096e+43
406.168770787 1.00418016962e+43
406.418752361 1.03017561841e+43
406.668733935 1.00405068738e+43
406.918715509 1.02111349011e+43
407.168697083 1.01816475491e+43
407.418678657 9.98614909188e+42
407.668660231 1.01860669474e+43
407.918641806 1.01427543636e+43
408.16862338 1.02543260639e+43
408.418604954 1.02037867497e+43
408.668586528 1.01545047373e+43
408.918568102 9.89162855071e+42
409.168549676 9.97923927614e+42
409.41853125 1.00771329437e+43
409.668512824 1.00111928853e+43
409.918494398 9.76412028794e+42
410.168475972 9.87900914793e+42
410.418457546 1.0010910355e+43
410.66843912 9.76621549263e+42
410.918420694 9.63428588016e+42
411.168402269 9.5082765952e+42
411.418383843 9.72839562443e+42
411.668365417 9.5235691569e+42
411.918346991 9.78138950768e+42
412.168328565 9.92344307714e+42
412.418310139 9.62747324773e+42
412.668291713 9.71046252857e+42
412.918273287 9.53502986051e+42
413.168254861 9.70196069836e+42
413.418236435 9.63018042628e+42
413.668218009 9.53327165528e+42
413.918199583 9.7995199257e+42
414.168181157 9.60371810453e+42
414.418162731 9.63576612973e+42
414.668144306 9.81739236844e+42
414.91812588 9.52187578895e+42
415.168107454 9.51133635701e+42
415.418089028 9.6150357425e+42
415.668070602 9.26377855781e+42
415.918052176 9.4624424298e+42
416.16803375 9.48727795817e+42
416.418015324 9.29562849205e+42
416.667996898 9.09665343074e+42
416.917978472 9.14546416125e+42
417.167960046 9.37243878643e+42
417.41794162 9.15405177199e+42
417.667923194 9.10498763019e+42
417.917904769 9.14006112445e+42
418.167886343 9.08406091729e+42
418.417867917 9.02073026332e+42
418.667849491 9.18301888955e+42
418.917831065 9.19211981895e+42
419.167812639 9.29987345436e+42
419.417794213 8.92555908634e+42
419.667775787 8.90318144172e+42
419.917757361 8.99624151369e+42
420.167738935 8.76495432152e+42
420.417720509 8.65767986883e+42
420.667702083 9.17338313494e+42
420.917683657 8.59869160684e+42
421.167665231 8.74669623692e+42
421.417646806 8.73369815212e+42
421.66762838 8.86804670817e+42
421.917609954 8.74296573891e+42
422.167591528 9.00525087687e+42
422.417573102 8.63794681857e+42
422.667554676 8.61612075296e+42
422.91753625 8.71569863578e+42
423.167517824 8.78845080948e+42
423.417499398 8.63394845877e+42
423.667480972 8.45733813748e+42
423.917462546 8.77881333649e+42
424.16744412 8.45832318021e+42
424.417425694 8.51398646223e+42
424.667407269 8.63918618366e+42
424.917388843 8.45149848223e+42
425.167370417 8.4898301313e+42
425.417351991 8.44219076656e+42
425.667333565 8.38433533744e+42
425.917315139 8.42535838712e+42
426.167296713 8.59115978577e+42
426.417278287 8.28246201705e+42
426.667259861 8.42702244722e+42
426.917241435 8.44415442944e+42
427.167223009 8.2301624617e+42
427.417204583 8.38994308114e+42
427.667186157 8.21581673984e+42
427.917167731 8.47315108315e+42
428.167149306 8.25275192905e+42
428.41713088 8.0532660277e+42
428.667112454 8.20370120312e+42
428.917094028 8.31646215871e+42
429.167075602 8.13489251484e+42
429.417057176 8.30291604726e+42
429.66703875 8.11962429339e+42
429.917020324 8.13779599919e+42
430.167001898 8.0970189216e+42
430.416983472 8.13850781642e+42
430.666965046 8.14989868094e+42
430.91694662 7.97779229297e+42
431.166928194 8.16174626872e+42
431.416909769 7.97858345612e+42
431.666891343 8.06041099838e+42
431.916872917 7.92575685702e+42
432.166854491 7.97956358586e+42
432.416836065 8.0145800083e+42
432.666817639 8.00731123051e+42
432.916799213 7.97053994197e+42
433.166780787 7.91713826424e+42
433.416762361 7.69968787055e+42
433.666743935 7.89112088934e+42
433.916725509 7.69953444729e+42
434.166707083 7.77270800982e+42
434.416688657 7.74069271205e+42
434.666670231 7.80110973217e+42
434.916651806 7.63678359471e+42
435.16663338 7.69908243068e+42
435.416614954 7.82008353372e+42
435.666596528 7.69656447218e+42
435.916578102 7.82244615311e+42
436.166559676 7.66501918812e+42
436.41654125 7.85158064663e+42
436.666522824 7.71950165966e+42
436.916504398 7.61738127037e+42
437.166485972 7.8316412184e+42
437.416467546 7.71160218482e+42
437.66644912 7.74190668508e+42
437.916430694 7.66834502817e+42
438.166412269 7.67468978327e+42
438.416393843 7.6397701138e+42
438.666375417 7.57271865892e+42
438.916356991 7.70378100697e+42
439.166338565 7.4939851718e+42
439.416320139 7.40542892104e+42
439.666301713 7.66420668628e+42
439.916283287 7.50767314135e+42
440.166264861 7.55430332377e+42
440.416246435 7.56358865688e+42
440.666228009 7.4654609227e+42
440.916209583 7.401986194e+42
441.166191157 7.46304030136e+42
441.416172731 7.32511851797e+42
441.666154306 7.5464419963e+42
441.91613588 7.35941987577e+42
442.166117454 7.36770996159e+42
442.416099028 7.37957234969e+42
442.666080602 7.37474802781e+42
442.916062176 7.41166632959e+42
443.16604375 7.45005241425e+42
443.416025324 7.32309743581e+42
443.666006898 7.50694506222e+42
443.915988472 7.25716098787e+42
444.165970046 7.32337259693e+42
444.41595162 7.22341325493e+42
444.665933194 7.21546457466e+42
444.915914769 7.32776851413e+42
445.165896343 7.18704107892e+42
445.415877917 7.16467058324e+42
445.665859491 7.14363906071e+42
445.915841065 7.21759199994e+42
446.165822639 7.02281256819e+42
446.415804213 7.15365204295e+42
446.665785787 7.02062691039e+42
446.915767361 7.19952348098e+42
447.165748935 7.13533118278e+42
447.415730509 7.2162988999e+42
447.665712083 7.16602535362e+42
447.915693657 7.11371397365e+42
448.165675231 6.94773839516e+42
448.415656806 6.94157136163e+42
448.66563838 6.95873271936e+42
448.915619954 6.88476270742e+42
449.165601528 7.11110680227e+42
449.415583102 7.02956572139e+42
449.665564676 6.85806958444e+42
449.91554625 6.89427752154e+42
450.165527824 6.81611760053e+42
450.415509398 6.80123439016e+42
450.665490972 6.73683182285e+42
450.915472546 6.8211624675e+42
451.16545412 6.74872547241e+42
451.415435694 6.88249479232e+42
451.665417269 6.7231992848e+42
451.915398843 6.84800811513e+42
452.165380417 6.7292198347e+42
452.415361991 6.81321894556e+42
452.665343565 6.67797972756e+42
452.915325139 6.68410556758e+42
453.165306713 6.65096247594e+42
453.415288287 6.80058749112e+42
453.665269861 6.69354777642e+42
453.915251435 6.71946978489e+42
454.165233009 6.64948161199e+42
454.415214583 6.62183716654e+42
454.665196157 6.72505618856e+42
454.915177731 6.66564166021e+42
455.165159306 6.60155133211e+42
455.41514088 6.54353311394e+42
455.665122454 6.52605400889e+42
455.915104028 6.57617004126e+42
456.165085602 6.40479207499e+42
456.415067176 6.53735181563e+42
456.66504875 6.56282468894e+42
456.915030324 6.55296752824e+42
457.165011898 6.44207863648e+42
457.414993472 6.45403236098e+42
457.664975046 6.43816897333e+42
457.91495662 6.43045458384e+42
458.164938194 6.43429845778e+42
458.414919769 6.45503201405e+42
458.664901343 6.41045794798e+42
458.914882917 6.38930755443e+42
459.164864491 6.35890289453e+42
459.414846065 6.21934781643e+42
459.664827639 6.41709251721e+42
459.914809213 6.37155723871e+42
460.164790787 6.42665634681e+42
460.414772361 6.31079704601e+42
460.664753935 6.59554152668e+42
460.914735509 6.44649821424e+42
461.164717083 6.31275607051e+42
461.414698657 6.31690704848e+42
461.664680231 6.28460658095e+42
461.914661806 6.21370965346e+42
462.16464338 6.10133160355e+42
462.414624954 6.19373880187e+42
462.664606528 6.20945778924e+42
462.914588102 6.23918706481e+42
463.164569676 6.02607505436e+42
463.41455125 6.19476668901e+42
463.664532824 5.93178658226e+42
463.914514398 6.1470642379e+42
464.164495972 6.11245829195e+42
464.414477546 5.89225562534e+42
464.66445912 6.13291415653e+42
464.914440694 5.91479715031e+42
465.164422269 6.01484254758e+42
465.414403843 5.97216023515e+42
465.664385417 5.98849228022e+42
465.914366991 5.95153966645e+42
466.164348565 5.9808245259e+42
466.414330139 5.9094395567e+42
466.664311713 5.84699165234e+42
466.914293287 5.8627761579e+42
467.164274861 5.82553104333e+42
467.414256435 5.84660358393e+42
467.664238009 5.75081467457e+42
467.914219583 5.88099611534e+42
468.164201157 5.89140678387e+42
468.414182731 5.88365314786e+42
468.664164306 5.71521095678e+42
468.91414588 5.77830002302e+42
469.164127454 5.87456065755e+42
469.414109028 5.81527225849e+42
469.664090602 5.81756711171e+42
469.914072176 5.69929223344e+42
470.16405375 5.72763697361e+42
470.414035324 5.62287338639e+42
470.664016898 5.72809160116e+42
470.913998472 5.66330476467e+42
471.163980046 5.65451453353e+42
471.41396162 5.58735214123e+42
471.663943194 5.60064022881e+42
471.913924769 5.55552864541e+42
472.163906343 5.65690639131e+42
472.413887917 5.52476342961e+42
472.663869491 5.6328731816e+42
472.913851065 5.40567923456e+42
473.163832639 5.59016730735e+42
473.413814213 5.52754131093e+42
473.663795787 5.59715298087e+42
473.913777361 5.51451622157e+42
474.163758935 5.36967157926e+42
474.413740509 5.55957653267e+42
474.663722083 5.37216065969e+42
474.913703657 5.44776785028e+42
475.163685231 5.42253484429e+42
475.413666806 5.31375640622e+42
475.66364838 5.40673811768e+42
475.913629954 5.42067333469e+42
476.163611528 5.33232469615e+42
476.413593102 5.27497756558e+42
476.663574676 5.21402126878e+42
476.91355625 5.30819453668e+42
477.163537824 5.3237519239e+42
477.413519398 5.28915377374e+42
477.663500972 5.12020924672e+42
477.913482546 5.16601174127e+42
478.16346412 5.21510729268e+42
478.413445694 5.11974497344e+42
478.663427269 5.15778571069e+42
478.913408843 5.10956769523e+42
479.163390417 5.0123913755e+42
479.413371991 5.18451752776e+42
479.663353565 4.99819475894e+42
479.913335139 5.11015779062e+42
480.163316713 5.07715075291e+42
480.413298287 5.02103122439e+42
480.663279861 5.04113041815e+42
480.913261435 4.95928715254e+42
481.163243009 5.07438198696e+42
481.413224583 4.9619062905e+42
481.663206157 5.03948029639e+42
481.913187731 4.882154094e+42
482.163169306 4.91247775012e+42
482.41315088 4.80506076097e+42
482.663132454 4.89019343905e+42
482.913114028 4.79459176859e+42
483.163095602 4.81540362101e+42
483.413077176 4.81615024849e+42
483.66305875 4.75384315084e+42
483.913040324 4.76608527036e+42
484.163021898 4.60883332401e+42
484.413003472 4.75458487538e+42
484.662985046 4.7570061993e+42
484.91296662 4.7714728357e+42
485.162948194 4.65213133617e+42
485.412929769 4.69892033536e+42
485.662911343 4.59080034494e+42
485.912892917 4.71140395981e+42
486.162874491 4.56289658544e+42
486.412856065 4.70500315524e+42
486.662837639 4.68346710733e+42
486.912819213 4.53000778819e+42
487.162800787 4.61673626844e+42
487.412782361 4.61203473756e+42
487.662763935 4.52049773282e+42
487.912745509 4.53225913242e+42
488.162727083 4.47281373251e+42
488.412708657 4.54537804301e+42
488.662690231 4.46903115189e+42
488.912671806 4.41313511584e+42
489.16265338 4.52567367905e+42
489.412634954 4.4139417482e+42
489.662616528 4.44789175876e+42
489.912598102 4.46357541152e+42
490.162579676 4.45040570782e+42
490.41256125 4.37998905102e+42
490.662542824 4.35605389194e+42
490.912524398 4.29897032436e+42
491.162505972 4.36784534112e+42
491.412487546 4.28530176419e+42
491.66246912 4.27164846467e+42
491.912450694 4.23685677499e+42
492.162432269 4.37623090611e+42
492.412413843 4.29991239756e+42
492.662395417 4.2725764878e+42
492.912376991 4.24222494258e+42
493.162358565 4.30840985575e+42
493.412340139 4.21203297562e+42
493.662321713 4.28165445249e+42
493.912303287 4.19977320527e+42
494.162284861 4.16187139573e+42
494.412266435 4.07359707165e+42
494.662248009 4.18622635154e+42
494.912229583 4.18556798869e+42
495.162211157 4.21565975162e+42
495.412192731 4.12038506142e+42
495.662174306 4.15308045472e+42
495.91215588 4.17000289414e+42
496.162137454 4.03308380073e+42
496.412119028 4.03896394127e+42
496.662100602 4.08329268012e+42
496.912082176 4.08889553397e+42
497.16206375 3.8839162408e+42
497.412045324 4.01663270409e+42
497.662026898 3.96649086625e+42
497.912008472 3.95884850005e+42
498.161990046 3.91839080904e+42
498.41197162 3.8994627142e+42
498.661953194 3.99456923089e+42
498.911934769 3.88005628546e+42
499.161916343 3.94423615514e+42
499.411897917 3.91909376275e+42
499.661879491 3.93102853234e+42
499.911861065 3.91484667639e+42
500.161842639 3.90505054008e+42
500.411824213 3.82994141763e+42
500.661805787 3.87936583859e+42
500.911787361 3.76184878344e+42
501.161768935 3.8775786984e+42
501.411750509 3.83818097253e+42
501.661732083 3.76587715832e+42
501.911713657 3.78309024853e+42
502.161695231 3.81271469936e+42
502.411676806 3.71319059599e+42
502.66165838 3.70095106278e+42
502.911639954 3.67741949867e+42
503.161621528 3.69144034485e+42
503.411603102 3.62415281894e+42
503.661584676 3.70438669671e+42
503.91156625 3.68790309185e+42
504.161547824 3.76002548305e+42
504.411529398 3.66957580442e+42
504.661510972 3.60486111945e+42
504.911492546 3.60008219954e+42
505.16147412 3.59622043393e+42
505.411455694 3.53916353823e+42
505.661437269 3.53894606318e+42
505.911418843 3.52863268333e+42
506.161400417 3.56503036597e+42
506.411381991 3.55276291406e+42
506.661363565 3.55856994362e+42
506.911345139 3.57031333311e+42
507.161326713 3.54570028209e+42
507.411308287 3.46635127554e+42
507.661289861 3.45768141084e+42
507.911271435 3.51249730885e+42
508.161253009 3.44739894761e+42
508.411234583 3.46408954149e+42
508.661216157 3.36014931545e+42
508.911197731 3.4357375479e+42
509.161179306 3.40499257598e+42
509.41116088 3.46320532863e+42
509.661142454 3.41633573436e+42
509.911124028 3.38721514097e+42
510.161105602 3.47155575866e+42
510.411087176 3.38186482485e+42
510.66106875 3.32609798676e+42
510.911050324 3.33346561952e+42
511.161031898 3.37701743149e+42
511.411013472 3.29466691871e+42
511.660995046 3.36006804753e+42
511.91097662 3.37958908572e+42
512.160958194 3.25486293422e+42
512.410939769 3.30452879482e+42
512.660921343 3.34123966293e+42
512.910902917 3.34189153833e+42
513.160884491 3.32182438314e+42
513.410866065 3.24739995473e+42
513.660847639 3.32865981417e+42
513.910829213 3.32595092886e+42
514.160810787 3.21726472981e+42
514.410792361 3.26717729095e+42
514.660773935 3.16447692664e+42
514.910755509 3.31132425047e+42
515.160737083 3.22597059474e+42
515.410718657 3.21999811376e+42
515.660700231 3.20156048478e+42
515.910681806 3.23904470087e+42
516.16066338 3.23093336733e+42
516.410644954 3.17078626158e+42
516.660626528 3.21740430358e+42
516.910608102 3.1693988726e+42
517.160589676 3.22176863692e+42
517.41057125 3.18666671955e+42
517.660552824 3.18742139633e+42
517.910534398 3.10255646762e+42
518.160515972 3.20865999906e+42
518.410497546 3.11727258896e+42
518.66047912 3.13647680173e+42
518.910460694 3.10091707049e+42
519.160442269 3.06671233888e+42
519.410423843 3.07314220359e+42
519.660405417 3.07339670239e+42
519.910386991 3.03003968203e+42
520.160368565 3.02746227775e+42
520.410350139 3.08757677584e+42
520.660331713 3.01065260078e+42
520.910313287 3.06569616005e+42
521.160294861 2.97628606172e+42
521.410276435 2.97996669971e+42
521.660258009 3.0442243038e+42
521.910239583 3.02829074092e+42
522.160221157 2.93462788437e+42
522.410202731 3.04243396303e+42
522.660184306 2.99063376461e+42
522.91016588 2.93470435113e+42
523.160147454 2.95322150187e+42
523.410129028 3.0206274785e+42
523.660110602 2.92508284347e+42
523.910092176 2.90947770797e+42
524.16007375 2.91418683823e+42
524.410055324 2.89312918345e+42
524.660036898 2.88967860629e+42
524.910018472 2.86937389541e+42
525.160000046 2.83472316138e+42
525.40998162 2.89530702026e+42
525.659963194 2.87906634322e+42
525.909944769 2.90355855487e+42
526.159926343 2.82898148683e+42
526.409907917 2.80543541629e+42
526.659889491 2.79755768243e+42
526.909871065 2.84837941866e+42
527.159852639 2.8171946633e+42
527.409834213 2.78028053612e+42
527.659815787 2.75472307085e+42
527.909797361 2.7219530332e+42
528.159778935 2.81608433838e+42
528.409760509 2.80115424915e+42
528.659742083 2.74977551245e+42
528.909723657 2.81945842278e+42
529.159705231 2.73854270257e+42
529.409686806 2.74084691025e+42
529.65966838 2.7107935956e+42
529.909649954 2.79166967397e+42
530.159631528 2.64662914117e+42
530.409613102 2.73260127932e+42
530.659594676 2.71316012335e+42
530.90957625 2.68756501397e+42
531.159557824 2.72548329172e+42
531.409539398 2.7037891984e+42
531.659520972 2.65757251153e+42
531.909502546 2.70619994479e+42
532.15948412 2.62763592558e+42
532.409465694 2.67920149085e+42
532.659447269 2.70554077421e+42
532.909428843 2.62994019039e+42
533.159410417 2.60507153274e+42
533.409391991 2.65398496666e+42
533.659373565 2.60377828488e+42
533.909355139 2.6188581341e+42
534.159336713 2.58588082401e+42
534.409318287 2.64509902492e+42
534.659299861 2.62498477391e+42
534.909281435 2.53453022116e+42
535.159263009 2.57670569994e+42
535.409244583 2.57087996512e+42
535.659226157 2.57157785416e+42
535.909207731 2.57035078352e+42
536.159189306 2.56135317274e+42
536.40917088 2.55312761078e+42
536.659152454 2.51514514241e+42
536.909134028 2.58498724688e+42
537.159115602 2.55282478601e+42
537.409097176 2.5105615462e+42
537.65907875 2.54494756799e+42
537.909060324 2.50536705254e+42
538.159041898 2.56161006419e+42
538.409023472 2.50409746978e+42
538.659005046 2.46915435204e+42
538.90898662 2.53135573768e+42
539.158968194 2.49274402418e+42
539.408949769 2.49751477427e+42
539.658931343 2.49219000395e+42
539.908912917 2.50266629608e+42
540.158894491 2.49420339717e+42
540.408876065 2.45720088979e+42
540.658857639 2.42605763054e+42
540.908839213 2.38178034477e+42
541.158820787 2.43612566258e+42
541.408802361 2.49588606645e+42
541.658783935 2.39498533933e+42
541.908765509 2.41961512892e+42
542.158747083 2.40506713158e+42
542.408728657 2.40844709867e+42
542.658710231 2.37137905526e+42
542.908691806 2.39963567228e+42
543.15867338 2.37526130412e+42
543.408654954 2.38466081439e+42
543.658636528 2.3869626372e+42
543.908618102 2.3649744902e+42
544.158599676 2.32270485106e+42
544.40858125 2.40156050769e+42
544.658562824 2.35735995531e+42
544.908544398 2.32285926505e+42
545.158525972 2.32080450123e+42
545.408507546 2.29426847711e+42
545.65848912 2.33563966187e+42
545.908470694 2.33234360584e+42
546.158452269 2.36634223107e+42
546.408433843 2.31041243289e+42
546.658415417 2.27113532737e+42
546.908396991 2.27032818691e+42
547.158378565 2.26615234645e+42
547.408360139 2.28626534583e+42
547.658341713 2.23994609346e+42
547.908323287 2.20555365273e+42
548.158304861 2.25779622725e+42
548.408286435 2.23107254317e+42
548.658268009 2.27098787849e+42
548.908249583 2.17874090399e+42
549.158231157 2.23984426589e+42
549.408212731 2.20911099244e+42
549.658194306 2.17621738485e+42
549.90817588 2.22813599219e+42
550.158157454 2.14861576631e+42
550.408139028 2.22360740047e+42
550.658120602 2.1704082714e+42
550.908102176 2.19734183621e+42
551.15808375 2.17929893522e+42
551.408065324 2.15577480851e+42
551.658046898 2.16484149886e+42
551.908028472 2.12205266681e+42
552.158010046 2.1485044583e+42
552.40799162 2.1318222491e+42
552.657973194 2.12555556136e+42
552.907954769 2.10462399338e+42
553.157936343 2.12440813703e+42
553.407917917 2.13084784204e+42
553.657899491 2.0919546007e+42
553.907881065 2.08867028768e+42
554.157862639 2.08993881057e+42
554.407844213 2.10736114503e+42
554.657825787 2.06085187186e+42
554.907807361 2.08029171719e+42
555.157788935 2.13698023812e+42
555.407770509 2.06557795928e+42
555.657752083 2.08069438201e+42
555.907733657 2.05744226535e+42
556.157715231 2.05858505878e+42
556.407696806 2.05109775421e+42
556.65767838 2.0903814196e+42
556.907659954 2.0499664235e+42
557.157641528 1.99941272432e+42
557.407623102 2.05001538251e+42
557.657604676 2.00936592755e+42
557.90758625 2.01560124898e+42
558.157567824 1.99365805314e+42
558.407549398 1.98402808469e+42
558.657530972 2.01098797229e+42
558.907512546 1.98927299895e+42
559.15749412 2.01094198375e+42
559.407475694 1.97266167187e+42
559.657457269 2.00278169814e+42
559.907438843 1.99792375268e+42
560.157420417 1.95847036214e+42
560.407401991 1.97853899371e+42
560.657383565 1.97414977274e+42
560.907365139 1.90461851529e+42
561.157346713 1.98321828418e+42
561.407328287 1.92309089829e+42
561.657309861 1.94040640397e+42
561.907291435 1.92685882883e+42
562.157273009 1.89871910332e+42
562.407254583 1.88694805509e+42
562.657236157 1.94049572975e+42
562.907217731 1.88220098685e+42
563.157199306 1.91149160107e+42
563.40718088 1.85312103715e+42
563.657162454 1.86615606315e+42
563.907144028 1.86087504983e+42
564.157125602 1.90071920167e+42
564.407107176 1.8664358376e+42
564.65708875 1.82538703331e+42
564.907070324 1.85195355016e+42
565.157051898 1.85864291194e+42
565.407033472 1.87996826021e+42
565.657015046 1.87854909011e+42
565.90699662 1.83791473715e+42
566.156978194 1.85873941786e+42
566.406959769 1.82508454663e+42
566.656941343 1.8239779159e+42
566.906922917 1.82838384653e+42
567.156904491 1.8465017072e+42
567.406886065 1.81961794805e+42
567.656867639 1.85658809462e+42
567.906849213 1.83135875284e+42
568.156830787 1.81963098527e+42
568.406812361 1.79111154335e+42
568.656793935 1.79690949139e+42
568.906775509 1.78850845207e+42
569.156757083 1.75583769231e+42
569.406738657 1.76344071284e+42
569.656720231 1.80566962165e+42
569.906701806 1.77806722683e+42
570.15668338 1.77530348696e+42
570.406664954 1.76868759584e+42
570.656646528 1.78077260272e+42
570.906628102 1.72182421122e+42
571.156609676 1.75736322489e+42
571.40659125 1.78461022524e+42
571.656572824 1.71646574675e+42
571.906554398 1.77001314441e+42
572.156535972 1.71822267234e+42
572.406517546 1.7119139179e+42
572.65649912 1.72971794351e+42
572.906480694 1.72255328427e+42
573.156462269 1.68622548171e+42
573.406443843 1.70929048533e+42
573.656425417 1.70618232314e+42
573.906406991 1.70260944626e+42
574.156388565 1.69787410516e+42
574.406370139 1.70136035227e+42
574.656351713 1.69131647263e+42
574.906333287 1.68191586723e+42
575.156314861 1.63960798817e+42
575.406296435 1.67705656064e+42
575.656278009 1.67030664332e+42
575.906259583 1.68538490548e+42
576.156241157 1.68670109697e+42
576.406222731 1.6539710983e+42
576.656204306 1.65693493715e+42
576.90618588 1.64231127094e+42
577.156167454 1.67770657634e+42
577.406149028 1.67320298649e+42
577.656130602 1.65274869353e+42
577.906112176 1.64295856745e+42
578.15609375 1.6416515404e+42
578.406075324 1.62921478234e+42
578.656056898 1.59475521763e+42
578.906038472 1.63626776257e+42
579.156020046 1.59237519826e+42
579.40600162 1.62004553928e+42
579.655983194 1.60405612637e+42
579.905964769 1.56947617528e+42
580.155946343 1.61796071737e+42
580.405927917 1.5864315182e+42
580.655909491 1.53197385486e+42
580.905891065 1.55551463321e+42
581.155872639 1.57630500851e+42
581.405854213 1.55211162175e+42
581.655835787 1.54629988371e+42
581.905817361 1.5629840421e+42
582.155798935 1.58506930514e+42
582.405780509 1.53348791393e+42
582.655762083 1.56609779646e+42
582.905743657 1.5505856853e+42
583.155725231 1.56916003277e+42
583.405706806 1.52874635364e+42
583.65568838 1.52653223211e+42
583.905669954 1.53704805499e+42
584.155651528 1.52073431162e+42
584.405633102 1.51410405775e+42
584.655614676 1.54641720794e+42
584.90559625 1.50734396382e+42
585.155577824 1.48254561128e+42
585.405559398 1.53178834404e+42
585.655540972 1.48394187979e+42
585.905522546 1.5031864616e+42
586.15550412 1.48064294201e+42
586.405485694 1.45561527252e+42
586.655467269 1.48733157298e+42
586.905448843 1.47184202417e+42
587.155430417 1.44975559955e+42
587.405411991 1.4704124616e+42
587.655393565 1.48048746565e+42
587.905375139 1.49726773357e+42
588.155356713 1.45515270356e+42
588.405338287 1.47666262745e+42
588.655319861 1.41977390361e+42
588.905301435 1.41889034898e+42
589.155283009 1.46354213267e+42
589.405264583 1.42886507489e+42
589.655246157 1.44654638573e+42
589.905227731 1.42629900414e+42
590.155209306 1.43340860374e+42
590.40519088 1.40697558095e+42
590.655172454 1.42519600917e+42
590.905154028 1.40287392782e+42
591.155135602 1.39138366267e+42
591.405117176 1.41600492981e+42
591.65509875 1.38144030145e+42
591.905080324 1.37282107812e+42
592.155061898 1.38597107908e+42
592.405043472 1.35558789919e+42
592.655025046 1.41113325711e+42
592.90500662 1.36714208957e+42
593.154988194 1.36265766269e+42
593.404969769 1.38907292984e+42
593.654951343 1.35264082672e+42
593.904932917 1.37612673563e+42
594.154914491 1.35831242642e+42
594.404896065 1.35822056557e+42
594.654877639 1.34711761408e+42
594.904859213 1.32378022067e+42
595.154840787 1.34370226571e+42
595.404822361 1.32924269088e+42
595.654803935 1.35291378225e+42
595.904785509 1.3374371158e+42
596.154767083 1.34357010533e+42
596.404748657 1.32044531285e+42
596.654730231 1.33280672648e+42
596.904711806 1.33247805795e+42
597.15469338 1.30113331367e+42
597.404674954 1.33625215461e+42
597.654656528 1.2578904587e+42
597.904638102 1.32995205543e+42
598.154619676 1.3126368712e+42
598.40460125 1.30362337178e+42
598.654582824 1.30198171678e+42
598.904564398 1.2802570457e+42
599.154545972 1.27260268067e+42
599.404527546 1.30522639335e+42
599.65450912 1.26631983658e+42
599.904490694 1.28938767593e+42
600.154472269 1.2621934724e+42
600.404453843 1.27124781481e+42
600.654435417 1.24478714707e+42
600.904416991 1.26018114448e+42
601.154398565 1.26799325237e+42
601.404380139 1.26672006864e+42
601.654361713 1.26973802008e+42
601.904343287 1.22065304498e+42
602.154324861 1.21467210494e+42
602.404306435 1.22654722954e+42
602.654288009 1.24755466402e+42
602.904269583 1.24937187104e+42
603.154251157 1.23147025571e+42
603.404232731 1.20869800801e+42
603.654214306 1.22240116836e+42
603.90419588 1.25217001322e+42
604.154177454 1.20323248935e+42
604.404159028 1.17434462477e+42
604.654140602 1.20516400507e+42
604.904122176 1.21623708481e+42
605.15410375 1.20343218364e+42
605.404085324 1.21695355012e+42
605.654066898 1.2008203458e+42
605.904048472 1.19670698114e+42
606.154030046 1.17201652633e+42
606.40401162 1.20101837564e+42
606.653993194 1.17509308525e+42
606.903974769 1.17429559981e+42
607.153956343 1.19590032755e+42
607.403937917 1.20612763013e+42
607.653919491 1.15134682109e+42
607.903901065 1.15315754716e+42
608.153882639 1.17584960243e+42
608.403864213 1.13726903047e+42
608.653845787 1.17275149566e+42
608.903827361 1.12821237652e+42
609.153808935 1.14576318913e+42
609.403790509 1.13648507324e+42
609.653772083 1.14089025199e+42
609.903753657 1.1445662916e+42
610.153735231 1.13729469177e+42
610.403716806 1.12401835505e+42
610.65369838 1.11949508434e+42
610.903679954 1.12484452273e+42
611.153661528 1.11245852303e+42
611.403643102 1.11620222378e+42
611.653624676 1.12707145682e+42
611.90360625 1.13553001519e+42
612.153587824 1.10233684451e+42
612.403569398 1.10986247366e+42
612.653550972 1.10827944807e+42
612.903532546 1.09572230535e+42
613.15351412 1.10938918784e+42
613.403495694 1.07821107764e+42
613.653477269 1.09153589976e+42
613.903458843 1.09510289309e+42
614.153440417 1.07641789784e+42
614.403421991 1.06180123356e+42
614.653403565 1.06732430473e+42
614.903385139 1.10076515712e+42
615.153366713 1.09297287671e+42
615.403348287 1.07806284681e+42
615.653329861 1.06410428817e+42
615.903311435 1.08115598692e+42
616.153293009 1.06179715321e+42
616.403274583 1.04511890158e+42
616.653256157 1.06212794131e+42
616.903237731 1.07291965128e+42
617.153219306 1.04213014409e+42
617.40320088 1.04224522074e+42
617.653182454 1.06009187239e+42
617.903164028 1.05153414601e+42
618.153145602 1.05218412675e+42
618.403127176 1.01438181653e+42
618.65310875 1.03944724441e+42
618.903090324 1.01572301722e+42
619.153071898 1.02998571954e+42
619.403053472 1.02759192633e+42
619.653035046 1.02550839705e+42
619.90301662 9.95919038634e+41
620.152998194 9.99782131583e+41
620.402979769 1.01794142298e+42
620.652961343 9.84846291917e+41
620.902942917 1.01665210012e+42
621.152924491 1.01894055066e+42
621.402906065 9.95771186922e+41
621.652887639 1.01070778994e+42
621.902869213 9.78804238468e+41
622.152850787 9.96270944254e+41
622.402832361 9.83967565118e+41
622.652813935 9.9068769103e+41
622.902795509 9.87290816221e+41
623.152777083 9.79567837029e+41
623.402758657 9.73509421941e+41
623.652740231 9.91437534593e+41
623.902721806 9.69787229252e+41
624.15270338 9.74865367211e+41
624.402684954 9.77795483988e+41
624.652666528 9.74009137191e+41
624.902648102 9.7043442165e+41
625.152629676 9.65599280216e+41
625.40261125 9.7854447015e+41
625.652592824 9.51871739319e+41
625.902574398 9.46839327119e+41
626.152555972 9.48066729798e+41
626.402537546 9.5189239722e+41
626.65251912 9.70199898155e+41
626.902500694 9.52240418641e+41
627.152482269 9.51539062528e+41
627.402463843 9.26408241375e+41
627.652445417 9.29072964885e+41
627.902426991 9.50359997909e+41
628.152408565 9.20878180075e+41
628.402390139 9.24769299286e+41
628.652371713 9.44450390798e+41
628.902353287 9.34122636075e+41
629.152334861 9.40098853651e+41
629.402316435 9.135400617e+41
629.652298009 9.03649917034e+41
629.902279583 9.24522602697e+41
630.152261157 9.13964773732e+41
630.402242731 9.08786184471e+41
630.652224306 9.09452813298e+41
630.90220588 9.13279340551e+41
631.152187454 9.13188956397e+41
631.402169028 9.10054582058e+41
631.652150602 8.94132365496e+41
631.902132176 8.97161495718e+41
632.15211375 9.04343497987e+41
632.402095324 9.0326046295e+41
632.652076898 8.85008967465e+41
632.902058472 8.97240355771e+41
633.152040046 8.92133451851e+41
633.40202162 8.73206587429e+41
633.652003194 8.80523811782e+41
633.901984769 8.79449209393e+41
634.151966343 8.64685473481e+41
634.401947917 8.66169631425e+41
634.651929491 8.59033421045e+41
634.901911065 8.61752961729e+41
635.151892639 8.71615569459e+41
635.401874213 8.74056595209e+41
635.651855787 8.70055817408e+41
635.901837361 8.60246909742e+41
636.151818935 8.35170225678e+41
636.401800509 8.55355438095e+41
636.651782083 8.38128544992e+41
636.901763657 8.33086169147e+41
637.151745231 8.41442490088e+41
637.401726806 8.37378040576e+41
637.65170838 8.36532606486e+41
637.901689954 8.39433629565e+41
638.151671528 8.33462588558e+41
638.401653102 8.27849230807e+41
638.651634676 8.21189069861e+41
638.90161625 8.26183523022e+41
639.151597824 8.27585561582e+41
639.401579398 8.29544304943e+41
639.651560972 8.23472066444e+41
639.901542546 8.18623352493e+41
640.15152412 8.17642011678e+41
640.401505694 8.01103366822e+41
640.651487269 8.22189041385e+41
640.901468843 8.26982763625e+41
641.151450417 7.90739081841e+41
641.401431991 8.02650456038e+41
641.651413565 7.94832060317e+41
641.901395139 8.12562221277e+41
642.151376713 7.89128530945e+41
642.401358287 8.06172152122e+41
642.651339861 7.98707303363e+41
642.901321435 7.92486591865e+41
643.151303009 7.87064039721e+41
643.401284583 7.78431247508e+41
643.651266157 7.71206964487e+41
643.901247731 7.9608694663e+41
644.151229306 7.7943644999e+41
644.40121088 7.66626029853e+41
644.651192454 7.82420849012e+41
644.901174028 7.7755382772e+41
645.151155602 7.87894529196e+41
645.401137176 7.6485660966e+41
645.65111875 7.52816162124e+41
645.901100324 7.60759337131e+41
646.151081898 7.67177531287e+41
646.401063472 7.66561714822e+41
646.651045046 7.54340938597e+41
646.90102662 7.49826637967e+41
647.151008194 7.63672075011e+41
647.400989769 7.71764014928e+41
647.650971343 7.37702772073e+41
647.900952917 7.56258352721e+41
648.150934491 7.42055906995e+41
648.400916065 7.58318613216e+41
648.650897639 7.27864760102e+41
648.900879213 7.51863104777e+41
649.150860787 7.3852711072e+41
649.400842361 7.45632449912e+41
649.650823935 7.35996095143e+41
649.900805509 7.2888185948e+41
650.150787083 7.32605068093e+41
650.400768657 7.25331066237e+41
650.650750231 7.04102026309e+41
650.900731806 7.24558636024e+41
651.15071338 7.22969424563e+41
651.400694954 7.25382999675e+41
651.650676528 7.13885452444e+41
651.900658102 7.12286913221e+41
652.150639676 7.20900774909e+41
652.40062125 7.20664967947e+41
652.650602824 7.14315318927e+41
652.900584398 7.22884027407e+41
653.150565972 7.20376676278e+41
653.400547546 7.21309409567e+41
653.65052912 7.04838197984e+41
653.900510694 6.99647349213e+41
654.150492269 7.19660166562e+41
654.400473843 7.13665462333e+41
654.650455417 7.21701352251e+41
654.900436991 6.80870894191e+41
655.150418565 6.8795944503e+41
655.400400139 6.99812721356e+41
655.650381713 6.77073187224e+41
655.900363287 6.92545959258e+41
656.150344861 6.87513620075e+41
656.400326435 6.85662110583e+41
656.650308009 6.83432580825e+41
656.900289583 6.82315697477e+41
657.150271157 6.87047014084e+41
657.400252731 6.94157863849e+41
657.650234306 6.83650986846e+41
657.90021588 6.68757624256e+41
658.150197454 6.81815603705e+41
658.400179028 6.55194978395e+41
658.650160602 6.62459374301e+41
658.900142176 6.66195796957e+41
659.15012375 6.56474858616e+41
659.400105324 6.55507186599e+41
659.650086898 6.67577221898e+41
659.900068472 6.6253749405e+41
660.150050046 6.6528656018e+41
660.40003162 6.60321039386e+41
660.650013194 6.54467910108e+41
660.899994769 6.55673463434e+41
661.149976343 6.58338979944e+41
661.399957917 6.60034978981e+41
661.649939491 6.40501691572e+41
661.899921065 6.54927862745e+41
662.149902639 6.51193840985e+41
662.399884213 6.46188934218e+41
662.649865787 6.32440316875e+41
662.899847361 6.2351793077e+41
663.149828935 6.33143442137e+41
663.399810509 6.39181222886e+41
663.649792083 6.25348838931e+41
663.899773657 6.31161919351e+41
664.149755231 6.27501115263e+41
664.399736806 6.19750502975e+41
664.64971838 6.30707792935e+41
664.899699954 6.17783218577e+41
665.149681528 6.29581807542e+41
665.399663102 6.1896289785e+41
665.649644676 6.17895041554e+41
665.89962625 6.23331167687e+41
666.149607824 6.11772495148e+41
666.399589398 6.14864272937e+41
666.649570972 6.00272669307e+41
666.899552546 6.21592196835e+41
667.14953412 6.17796055542e+41
667.399515694 5.96444193824e+41
667.649497269 6.01434102533e+41
667.899478843 6.1439659142e+41
668.149460417 5.93255712222e+41
668.399441991 6.00975643722e+41
668.649423565 6.09229259123e+41
668.899405139 5.85779702119e+41
669.149386713 5.77444254936e+41
669.399368287 5.94572942184e+41
669.649349861 5.93916306803e+41
669.899331435 5.84174528967e+41
670.149313009 5.84754197658e+41
670.399294583 5.75800634619e+41
670.649276157 5.96437387596e+41
670.899257731 6.05686846374e+41
671.149239306 5.78322071874e+41
671.39922088 5.99494065423e+41
671.649202454 5.7456820383e+41
671.899184028 5.84475525371e+41
672.149165602 5.82734709262e+41
672.399147176 5.84138824243e+41
672.64912875 5.63105827279e+41
672.899110324 5.65093661055e+41
673.149091898 5.71876728182e+41
673.399073472 5.68770708871e+41
673.649055046 5.74015860015e+41
673.89903662 5.73903754088e+41
674.149018194 5.68612660737e+41
674.398999769 5.66816979853e+41
674.648981343 5.68008104004e+41
674.898962917 5.58176675747e+41
675.148944491 5.67550661534e+41
675.398926065 5.57487093462e+41
675.648907639 5.58795596652e+41
675.898889213 5.67291810842e+41
676.148870787 5.63570040235e+41
676.398852361 5.49779155051e+41
676.648833935 5.54732842773e+41
676.898815509 5.51351787047e+41
677.148797083 5.4717070229e+41
677.398778657 5.36429956709e+41
677.648760231 5.38977425162e+41
677.898741806 5.51303008315e+41
678.14872338 5.49040313573e+41
678.398704954 5.41693519278e+41
678.648686528 5.34406600795e+41
678.898668102 5.39945027351e+41
679.148649676 5.41863432773e+41
679.39863125 5.38343684033e+41
679.648612824 5.39825131282e+41
679.898594398 5.30491618907e+41
680.148575972 5.32753660898e+41
680.398557546 5.32505249438e+41
680.64853912 5.2131512605e+41
680.898520694 5.30300204241e+41
681.148502269 5.26803029954e+41
681.398483843 5.19913902845e+41
681.648465417 5.10897566904e+41
681.898446991 5.25576600142e+41
682.148428565 5.15520464802e+41
682.398410139 5.17564227302e+41
682.648391713 5.10348288537e+41
682.898373287 5.15073656189e+41
683.148354861 5.14165084788e+41
683.398336435 5.04635808416e+41
683.648318009 5.07363282016e+41
683.898299583 5.07926041599e+41
684.148281157 5.09910305434e+41
684.398262731 5.0648977133e+41
684.648244306 4.97801514187e+41
684.89822588 5.01161637721e+41
685.148207454 5.12248385983e+41
685.398189028 5.02935965342e+41
685.648170602 4.94764978113e+41
685.898152176 5.05452013437e+41
686.14813375 4.92449355718e+41
686.398115324 4.99091416909e+41
686.648096898 4.9093551096e+41
686.898078472 4.94540354857e+41
687.148060046 4.80228536875e+41
687.39804162 4.90511053551e+41
687.648023194 4.86277661651e+41
687.898004769 4.82603368236e+41
688.147986343 4.81936112714e+41
688.397967917 4.82818691466e+41
688.647949491 4.67280929918e+41
688.897931065 4.74693900136e+41
689.147912639 4.81791235733e+41
689.397894213 4.68641833036e+41
689.647875787 4.71253640229e+41
689.897857361 4.76185190397e+41
690.147838935 4.66323289814e+41
690.397820509 4.66429086481e+41
690.647802083 4.73853022641e+41
690.897783657 4.62025094534e+41
691.147765231 4.7144465571e+41
691.397746806 4.58188926906e+41
691.64772838 4.64795541615e+41
691.897709954 4.68493007263e+41
692.147691528 4.51589998132e+41
692.397673102 4.49727399487e+41
692.647654676 4.47758718908e+41
692.89763625 4.59081109253e+41
693.147617824 4.48749040846e+41
693.397599398 4.5097264203e+41
693.647580972 4.53535463789e+41
693.897562546 4.43080359283e+41
694.14754412 4.56458551305e+41
694.397525694 4.45103178066e+41
694.647507269 4.50089521182e+41
694.897488843 4.43099774941e+41
695.147470417 4.46048337913e+41
695.397451991 4.47021317526e+41
695.647433565 4.39545417651e+41
695.897415139 4.39184523907e+41
696.147396713 4.45372515246e+41
696.397378287 4.4045199125e+41
696.647359861 4.31412243113e+41
696.897341435 4.32622078319e+41
697.147323009 4.41088837309e+41
697.397304583 4.45428873399e+41
697.647286157 4.39673321156e+41
697.897267731 4.36132427741e+41
698.147249306 4.41718237054e+41
698.39723088 4.34864635815e+41
698.647212454 4.35087457571e+41
698.897194028 4.28165925327e+41
699.147175602 4.23360642847e+41
699.397157176 4.31167582047e+41
699.64713875 4.2893089884e+41
699.897120324 4.2149761855e+41
700.147101898 4.2811835573e+41
700.397083472 4.22833554939e+41
700.647065046 4.24909029534e+41
700.89704662 4.20008351537e+41
701.147028194 4.22500985968e+41
701.397009769 4.21294629055e+41
701.646991343 4.12742531435e+41
701.896972917 4.08850495629e+41
702.146954491 4.14283022736e+41
702.396936065 4.13137652925e+41
702.646917639 4.11302296276e+41
702.896899213 4.06424256716e+41
703.146880787 3.98621423586e+41
703.396862361 4.126615949e+41
703.646843935 4.09779117453e+41
703.896825509 4.10431311597e+41
704.146807083 4.11402422661e+41
704.396788657 4.11632535035e+41
704.646770231 4.07091929443e+41
704.896751806 4.03024670704e+41
705.14673338 4.00366291554e+41
705.396714954 4.03473198072e+41
