500.0 1.534e+33
1003.5 0.0
1010.5 0.0
1017.5 0.0
1024.55 0.0
1031.7 0.0
1038.9 0.0
1046.1 0.0
1053.35 0.0
1060.7 0.0
1068.1 0.0
1075.5 0.0
1082.95 0.0
1090.5 0.0
1098.1 0.0
1105.75 0.0
1113.45 0.0
1121.2 0.0
1129.0 0.0
1136.85 0.0
1144.75 0.0
1152.7 0.0
1160.7 0.0
1168.75 0.0
1176.9 0.0
1185.1 0.0
1193.35 0.0
1201.65 0.0
1210.0 0.0
1218.4 0.0
1226.85 0.0
1235.4 0.0
1244.0 0.0
1252.65 0.0
1261.4 0.0
1270.2 0.0
1279.0 0.0
1287.9 0.0
1296.85 0.0
1305.85 0.0
1314.95 0.0
1324.1 0.0
1333.3 0.0
1342.55 0.0
1351.9 0.0
1361.3 0.0
1370.75 0.0
1380.3 0.0
1389.9 0.0
1399.55 0.0
1409.3 0.0
1419.15 1.2824e+34
1429.05 0.0
1438.95 0.0
1448.95 0.0
1459.05 0.0
1469.2 0.0
1479.4 0.0
1489.65 0.0
1500.0 0.0
1510.45 0.0
1521.0 0.0
1531.6 0.0
1542.25 0.0
1552.95 0.0
1563.75 0.0
1574.65 0.0
1585.6 0.0
1596.6 0.0
1607.7 0.0
1618.9 0.0
1630.15 0.0
1641.5 0.0
1652.9 0.0
1664.4 0.0
1676.0 0.0
1687.65 0.0
1699.4 0.0
1711.2 0.0
1723.1 0.0
1735.1 0.0
1747.15 0.0
1759.3 0.0
1771.55 0.0
1783.9 0.0
1796.3 7.1884e+39
1808.75 0.0
1821.35 0.0
1834.05 0.0
1846.8 1.0944e+40
1859.65 9.4299e+39
1872.55 0.0
1885.55 0.0
1898.7 0.0
1911.9 0.0
1925.2 0.0
1938.6 0.0
1952.05 0.0
1965.65 0.0
1979.35 0.0
1993.1 0.0
2006.95 0.0
2020.9 0.0
2034.95 0.0
2049.1 0.0
2063.35 7.2393e+39
2077.7 1.6131e+40
2092.15 0.0
2106.7 0.0
2121.35 0.0
2136.1 0.0
2151.0 3.3777e+37
2166.0 5.9396e+33
2181.05 4.85e+40
2196.2 1.3292e+40
2211.45 8.7923e+39
2226.85 2.2039e+37
2242.35 1.5356e+40
2257.95 1.6683e+40
2273.65 6.2586e+39
2289.45 2.2071e+40
2305.4 1.1904e+40
2321.45 1.8765e+40
2337.6 7.5173e+37
2353.85 8.5668e+39
2370.2 5.6409e+40
2386.7 0.0
2403.3 6.1123e+39
2420.0 0.0
2436.85 2.8806e+33
2453.8 6.414e+37
2470.85 2.1439e+35
2488.05 9.3129e+35
2505.35 7.3529e+38
2522.75 0.0
2540.3 4.3283e+37
2558.0 1.4129e+35
2575.8 4.7429e+36
2593.7 7.4895e+33
2611.75 2.1183e+40
2629.9 1.5488e+40
2648.2 3.2049e+36
2666.65 5.6486e+35
2685.2 9.6987e+39
2703.85 0.0
2722.65 1.6757e+37
2741.6 5.3764e+36
2760.65 4.2629e+40
2779.85 1.9704e+40
2799.2 2.239e+40
2818.65 1.3728e+40
2838.25 3.1244e+40
2858.0 4.8181e+40
2877.9 1.6043e+41
2897.9 2.3738e+41
2918.05 2.8992e+41
2938.35 2.4553e+41
2958.75 3.4531e+41
2979.35 3.2416e+41
3000.1 2.1785e+41
3020.95 3.126e+41
3041.95 1.3638e+41
3063.15 8.9478e+40
3084.45 2.5726e+41
3105.9 3.7485e+41
3127.5 2.3975e+41
3149.25 3.9655e+41
3171.15 5.6948e+41
3193.2 6.7764e+41
3215.45 4.9617e+41
3237.8 3.8787e+41
3260.3 3.1867e+41
3283.0 5.0555e+41
3305.85 4.2523e+41
3328.85 7.013e+41
3352.0 7.6323e+41
3375.3 9.979e+41
3398.75 8.9943e+41
3422.4 6.196e+41
3446.2 1.0895e+42
3470.15 1.1481e+42
3494.3 1.1276e+42
3518.6 1.042e+42
3543.1 1.2446e+42
3567.75 7.701e+41
3592.55 4.7538e+41
3617.55 2.7829e+41
3642.7 2.8799e+41
3668.05 9.972e+40
3693.6 2.4809e+40
3719.25 8.7972e+40
3745.1 1.1199e+41
3771.15 8.941e+40
3797.4 7.7551e+40
3823.85 1.2237e+41
3850.4 4.9978e+40
3877.15 6.6308e+40
3904.15 3.8228e+41
3931.3 5.725e+41
3958.65 9.3861e+41
3986.2 9.3976e+41
4013.9 3.2148e+41
4041.8 4.802e+41
4069.9 1.1346e+42
4098.25 1.2889e+42
4126.8 1.5046e+42
4155.5 1.5393e+42
4184.4 1.4101e+42
4213.5 1.4875e+42
4242.8 1.4797e+42
4272.3 1.5701e+42
4302.0 1.4969e+42
4331.9 8.3972e+41
4362.05 8.9531e+41
4392.4 1.03e+42
4422.95 1.2786e+42
4453.7 1.4676e+42
4484.65 1.4509e+42
4515.85 1.2476e+42
4547.3 1.646e+42
4578.95 1.7035e+42
4610.8 1.5113e+42
4642.85 1.744e+42
4675.1 1.5619e+42
4707.65 1.6456e+42
4740.4 1.6845e+42
4773.35 1.3089e+42
4806.55 1.4863e+42
4840.0 1.4355e+42
4873.7 1.2022e+42
4907.6 6.5823e+41
4941.7 4.0955e+41
4976.05 5.7339e+41
5010.7 6.7988e+41
5045.55 1.0083e+42
5080.6 1.395e+42
5115.95 1.2636e+42
5151.55 1.1807e+42
5187.4 1.4513e+42
5223.5 1.0584e+42
5259.8 1.2484e+42
5296.35 1.294e+42
5333.2 1.2403e+42
5370.3 1.3611e+42
5407.65 1.6e+42
5445.3 1.3936e+42
5483.2 1.0784e+42
5521.3 1.2256e+42
5559.7 1.0605e+42
5598.4 1.1948e+42
5637.35 1.6784e+42
5676.55 1.2242e+42
5716.0 1.1953e+42
5755.75 9.9194e+41
5795.8 8.8002e+41
5836.1 1.1038e+42
5876.7 1.6007e+42
5917.6 1.209e+42
5958.75 1.3452e+42
6000.2 1.5903e+42
6041.95 1.2252e+42
6083.95 1.3724e+42
6126.25 7.468e+41
6168.9 3.9424e+41
6211.8 3.2667e+41
6255.0 5.4867e+41
6298.5 9.7242e+41
6342.3 9.923e+41
6386.45 6.7785e+41
6430.85 6.6034e+41
6475.55 8.8626e+41
6520.6 1.2122e+42
6565.95 1.2541e+42
6611.65 8.7215e+41
6657.65 7.4688e+41
6703.95 7.7265e+41
6750.6 1.0078e+42
6797.55 9.4052e+41
6844.8 7.1303e+41
6892.4 8.3249e+41
6940.35 7.2594e+41
6988.6 8.8875e+41
7037.2 6.7498e+41
7086.15 9.4457e+41
7135.45 6.4814e+41
7185.1 1.0395e+42
7235.1 9.266e+41
7285.45 9.2448e+41
7336.1 7.0726e+41
7387.1 8.4121e+41
7438.5 8.0437e+41
7490.25 5.3584e+41
7542.35 7.6077e+41
7594.8 8.6039e+41
7647.6 8.3747e+41
7700.8 9.3734e+41
7754.35 8.6335e+41
7808.3 1.0276e+42
7862.65 7.8652e+41
7917.3 9.5262e+41
7972.35 8.5821e+41
8027.8 1.0201e+42
8083.65 6.6398e+41
8139.9 5.2302e+41
8196.5 3.0055e+41
8253.5 3.6528e+41
8310.9 3.7459e+41
8368.7 5.4584e+41
8426.9 5.5607e+41
8485.55 3.8195e+41
8544.6 6.591e+41
8604.0 6.0039e+41
8663.85 1.0467e+42
8724.1 7.365e+41
8784.75 9.3027e+41
8845.9 5.6194e+41
8907.45 4.8468e+41
8969.4 6.9835e+41
9031.8 7.1385e+41
9094.6 1.1072e+42
9157.85 8.897e+41
9221.55 8.4527e+41
9285.7 8.4316e+41
9350.3 6.9994e+41
9415.3 5.577e+41
9480.8 6.693e+41
9546.75 5.8844e+41
9613.15 5.7972e+41
9680.05 4.7604e+41
9747.35 4.5938e+41
9815.15 4.98e+41
9883.45 3.7577e+41
9952.15 3.4989e+41
10021.3 4.1053e+41
10091.0 3.9219e+41
10161.0 3.2296e+41
10231.5 2.624e+41
10303.0 2.235e+41
10375.0 3.1379e+41
10447.0 3.4527e+41
10519.5 2.3799e+41
10592.5 3.4315e+41
10666.0 7.1462e+41
10740.5 5.7059e+41
10815.5 6.3538e+41
10890.5 3.9876e+41
10966.0 4.7864e+41
11042.5 4.4321e+41
11119.5 3.9662e+41
11197.0 4.7805e+41
11275.0 4.5761e+41
11353.0 2.8731e+41
11432.0 3.9741e+41
11511.5 4.6396e+41
11591.5 4.1946e+41
11672.5 4.9674e+41
11753.5 2.5608e+41
11835.0 4.5705e+41
11917.5 3.2893e+41
12000.5 3.4236e+41
12084.0 2.5705e+41
12168.0 3.0335e+41
12252.5 2.0183e+41
12338.0 2.3328e+41
12424.0 2.3352e+41
12510.0 2.8329e+41
12597.0 2.3806e+41
12685.0 1.8763e+41
12773.0 2.1304e+41
12861.5 3.5241e+41
12951.0 2.2661e+41
13041.0 2.6048e+41
13131.5 2.1457e+41
13223.0 2.37e+41
13315.0 3.2767e+41
13407.5 2.5054e+41
13501.0 2.1486e+41
13595.0 9.5121e+40
13689.5 1.5218e+41
13785.0 1.5225e+41
13881.0 1.8615e+41
13977.5 1.6435e+41
14074.5 1.9654e+41
14172.0 1.8035e+41
14270.5 1.7541e+41
14370.0 2.4325e+41
14470.0 1.532e+41
14570.5 1.2522e+41
14672.0 1.1518e+41
14774.0 2.3759e+41
14877.0 1.5703e+41
14980.5 1.8587e+41
15084.5 7.3319e+40
15189.5 1.8048e+41
15295.0 1.6922e+41
15401.5 1.7322e+41
15508.5 1.1085e+41
15616.5 1.9961e+41
15725.5 1.996e+41
15834.5 7.6204e+40
15944.5 1.1759e+41
16055.5 1.5039e+41
16167.0 1.9926e+41
16279.5 2.5157e+41
16393.0 1.6859e+41
16507.0 1.1993e+41
16621.5 2.6296e+41
16737.0 3.133e+41
16853.5 1.2659e+41
16971.0 2.1878e+41
17089.0 1.8329e+41
17208.0 1.8083e+41
17328.0 1.7781e+41
17448.5 1.384e+41
17569.5 1.8542e+41
17691.5 1.1838e+41
17815.0 5.9806e+40
17939.0 1.7294e+41
18063.5 1.4798e+41
18189.0 1.1459e+41
18315.5 1.2104e+41
18443.0 2.0077e+41
18571.5 1.3826e+41
18700.5 1.6862e+41
18830.5 9.7041e+40
18961.5 8.7293e+40
19093.5 1.3846e+41
19226.5 4.7225e+40
19360.0 1.0381e+41
19494.5 7.6546e+40
19630.0 2.001e+41
19766.5 1.0716e+41
19904.0 1.445e+41
20042.5 4.5041e+40
20182.0 8.7119e+40
20322.5 6.4104e+40
20464.0 7.0492e+40
20606.5 5.8314e+40
20749.5 1.3686e+41
20893.5 1.8198e+41
21039.0 6.5701e+40
21185.5 9.5728e+40
21333.0 7.3747e+40
21481.5 5.0831e+40
21631.0 8.518e+40
21781.5 3.3712e+40
21933.0 6.2084e+40
22085.5 1.6214e+41
22239.0 2.1935e+40
22393.5 2.1796e+40
22549.0 5.0758e+40
22706.0 1.1194e+41
22864.0 1.8279e+41
23023.0 8.5317e+40
23183.5 9.3937e+40
23344.5 6.5945e+40
23506.5 7.0463e+40
23670.0 7.9562e+40
23835.0 7.8798e+40
24001.0 7.589e+40
24167.5 9.4982e+40
24335.5 4.4595e+40
24505.0 1.4261e+41
24675.5 8.0394e+40
24847.0 5.191e+40
25020.0 5.4566e+40
25194.0 1.1421e+41
25369.0 0.0
25545.5 4.6344e+40
25723.5 4.7087e+40
25902.5 1.0511e+41
26082.5 7.5388e+40
26264.0 4.77e+40
26446.5 8.9269e+40
26630.5 4.0901e+40
26816.0 6.2669e+40
27002.5 1.6927e+40
27190.0 7.5237e+40
27379.0 5.4642e+40
27569.5 1.5802e+40
27761.5 5.5528e+40
27954.5 4.8594e+40
28148.5 1.4708e+40
28344.5 4.8708e+40
28542.0 1.5129e+40
28740.5 5.3435e+40
28940.5 9.0912e+39
29142.0 3.7449e+40
29344.5 9.0765e+40
29548.5 3.9189e+40
29754.0 5.7223e+40
29961.0 2.7624e+40
30169.5 3.1817e+40
30379.0 1.232e+41
30590.0 8.4431e+40
30803.0 4.7146e+40
31017.5 3.8068e+40
31233.0 3.3934e+40
31450.0 2.193e+40
31669.0 3.2049e+40
